2.1240697e-001
2.1399011e-001
2.1683954e-001
2.2070207e-001
2.2537413e-001
2.3069095e-001
2.2705187e-001
2.2338748e-001
2.2135409e-001
2.2287517e-001
1.9091575e-001
0.0000000e+000
0.0000000e+000
0.0000000e+000
0.0000000e+000
0.0000000e+000
0.0000000e+000
1.4294242e-001
1.3392450e-001
1.2497972e-001
1.1620144e-001
1.0770638e-001
9.9640390e-002
9.2035760e-002
8.5157970e-002
7.9188760e-002
7.4277900e-002
6.9549950e-002
6.4976880e-002
6.0522320e-002
5.6365640e-002
5.2431600e-002
4.8700560e-002
4.5298810e-002
4.2233170e-002
3.9662570e-002
3.7786050e-002
3.6777800e-002
0.0000000e+000
0.0000000e+000
0.0000000e+000
0.0000000e+000
0.0000000e+000
0.0000000e+000
1.5142460e-002
1.0918230e-002
7.2416000e-003
2.0592100e-003
7.3527000e-004
0.0000000e+000
2.1404582e-001
2.1689821e-001
2.2082198e-001
2.2549319e-001
2.3075355e-001
2.3658426e-001
2.3110097e-001
2.2639467e-001
2.2305652e-001
2.2579251e-001
2.0649952e-001
0.0000000e+000
0.0000000e+000
0.0000000e+000
0.0000000e+000
0.0000000e+000
0.0000000e+000
1.5063572e-001
1.4133824e-001
1.3219326e-001
1.2331445e-001
1.1461861e-001
1.0622647e-001
9.8289110e-002
9.0995160e-002
8.4580420e-002
7.9582990e-002
7.4726060e-002
6.9998340e-002
6.5369360e-002
6.0972800e-002
5.6696560e-002
5.2581300e-002
4.9029330e-002
4.5812190e-002
4.2745140e-002
4.0174610e-002
3.8359470e-002
0.0000000e+000
0.0000000e+000
0.0000000e+000
0.0000000e+000
0.0000000e+000
0.0000000e+000
2.0104640e-002
1.5380420e-002
1.1671310e-002
5.7533500e-003
2.6766300e-003
3.3572000e-004
2.1700157e-001
2.2086780e-001
2.2559019e-001
2.3096959e-001
2.3676110e-001
2.4254751e-001
2.3609704e-001
2.3050324e-001
2.2606160e-001
2.2976583e-001
2.2882703e-001
2.2126681e-001
0.0000000e+000
0.0000000e+000
0.0000000e+000
0.0000000e+000
1.6797387e-001
1.5833087e-001
1.4867804e-001
1.3931407e-001
1.3031151e-001
1.2153590e-001
1.1296928e-001
1.0481387e-001
9.7247470e-002
9.0417380e-002
8.5349960e-002
7.9874930e-002
7.4962610e-002
7.0196850e-002
6.5545640e-002
0.0000000e+000
0.0000000e+000
0.0000000e+000
5.2843280e-002
4.9559060e-002
4.6553280e-002
4.3972900e-002
0.0000000e+000
0.0000000e+000
0.0000000e+000
0.0000000e+000
0.0000000e+000
0.0000000e+000
2.5897620e-002
2.0713370e-002
1.2842360e-002
6.0497300e-003
2.6274500e-003
9.4002000e-004
2.2101006e-001
2.2568656e-001
2.3110774e-001
2.3699436e-001
2.4315035e-001
2.4866985e-001
2.4169059e-001
2.3543524e-001
2.3016911e-001
2.3206120e-001
2.2645015e-001
2.1753091e-001
2.0886037e-001
2.0064932e-001
1.9301303e-001
1.8609569e-001
1.7577002e-001
1.6556548e-001
1.5558800e-001
1.4604385e-001
1.3689154e-001
1.2822927e-001
1.1965485e-001
1.1141461e-001
1.0366721e-001
9.6610810e-002
9.1488180e-002
8.5392900e-002
7.9876560e-002
7.4948650e-002
0.0000000e+000
0.0000000e+000
0.0000000e+000
0.0000000e+000
6.2936010e-002
5.9597790e-002
5.6243810e-002
5.3111200e-002
0.0000000e+000
0.0000000e+000
0.0000000e+000
0.0000000e+000
0.0000000e+000
3.9032660e-002
2.9265480e-002
2.0670860e-002
1.2517940e-002
6.3099300e-003
3.6184500e-003
1.7591700e-003
2.2856495e-001
2.3394919e-001
2.3986928e-001
2.4622163e-001
2.5272950e-001
2.5866805e-001
2.5110248e-001
2.4405588e-001
2.3786066e-001
2.4095754e-001
2.3805150e-001
2.2887350e-001
2.1989514e-001
2.1122314e-001
2.0301277e-001
1.9876167e-001
1.8821919e-001
1.7730619e-001
1.6490497e-001
0.0000000e+000
0.0000000e+000
0.0000000e+000
1.2678811e-001
1.2178003e-001
1.1353839e-001
1.0579129e-001
1.0062403e-001
9.4102820e-002
8.8046400e-002
8.2343310e-002
0.0000000e+000
0.0000000e+000
0.0000000e+000
0.0000000e+000
7.5477850e-002
7.2156390e-002
6.8523850e-002
6.5009460e-002
7.2943030e-002
7.1194510e-002
6.4876930e-002
5.8957410e-002
5.1405720e-002
4.0267570e-002
3.1413380e-002
2.2936100e-002
1.3844470e-002
7.5484600e-003
4.7470200e-003
2.7501700e-003
2.3901656e-001
2.4496702e-001
2.5128618e-001
2.5795117e-001
2.6480050e-001
2.7107428e-001
2.6303970e-001
2.5536015e-001
2.4836166e-001
2.5242222e-001
2.5168069e-001
2.4229479e-001
2.3301061e-001
2.2390952e-001
2.1524019e-001
2.1312285e-001
2.0240633e-001
1.9139480e-001
0.0000000e+000
0.0000000e+000
0.0000000e+000
0.0000000e+000
1.3654223e-001
1.3436015e-001
1.2572313e-001
1.1742355e-001
1.1228125e-001
1.0529688e-001
0.0000000e+000
0.0000000e+000
0.0000000e+000
0.0000000e+000
0.0000000e+000
0.0000000e+000
9.0278920e-002
8.6670920e-002
8.2755570e-002
7.8875410e-002
8.3637220e-002
8.0595250e-002
7.4018420e-002
6.8333190e-002
6.2412970e-002
5.0673210e-002
4.1118040e-002
3.0914000e-002
2.0749340e-002
1.3112010e-002
8.7985000e-003
6.8652900e-003
2.5178552e-001
2.5818893e-001
2.6482737e-001
2.7180244e-001
2.7886498e-001
2.8546695e-001
2.7699712e-001
2.6875127e-001
2.6111018e-001
2.6594165e-001
2.6687193e-001
2.5725913e-001
2.4761073e-001
2.3816573e-001
2.2912985e-001
2.2883957e-001
2.1804373e-001
2.0689353e-001
0.0000000e+000
0.0000000e+000
0.0000000e+000
0.0000000e+000
0.0000000e+000
1.4871207e-001
1.3981848e-001
1.3119688e-001
1.2601473e-001
0.0000000e+000
0.0000000e+000
0.0000000e+000
0.0000000e+000
0.0000000e+000
0.0000000e+000
1.2333586e-001
1.0664728e-001
1.0275013e-001
9.8608580e-002
9.4375850e-002
9.6540010e-002
9.2403280e-002
8.5559120e-002
8.0001180e-002
7.4375000e-002
6.2320060e-002
5.2603600e-002
4.1313290e-002
2.9595520e-002
2.0016830e-002
1.4493690e-002
1.2611460e-002
2.6640835e-001
2.7317413e-001
2.8006797e-001
2.8729111e-001
2.9452423e-001
3.0132878e-001
2.9251076e-001
2.8387182e-001
2.7571666e-001
2.8110488e-001
2.8331274e-001
2.5504503e-001
2.5422848e-001
2.5361707e-001
2.4440931e-001
2.4564079e-001
2.3484134e-001
2.2370022e-001
0.0000000e+000
0.0000000e+000
0.0000000e+000
0.0000000e+000
0.0000000e+000
1.6460139e-001
1.5556229e-001
1.4668324e-001
1.4134918e-001
0.0000000e+000
0.0000000e+000
0.0000000e+000
0.0000000e+000
0.0000000e+000
1.5147827e-001
1.3850985e-001
1.2420861e-001
1.2008125e-001
1.1569865e-001
1.1118405e-001
1.1114937e-001
1.0607671e-001
9.8719120e-002
9.3142800e-002
8.7930910e-002
7.6696510e-002
6.3700620e-002
5.0836390e-002
3.8431860e-002
2.7994730e-002
2.1503920e-002
1.9662390e-002
2.8251427e-001
2.8956994e-001
2.9666811e-001
3.0408971e-001
3.1145926e-001
3.1842591e-001
3.0932931e-001
3.0037591e-001
2.9174952e-001
2.9758311e-001
2.6222181e-001
0.0000000e+000
0.0000000e+000
0.0000000e+000
2.6050066e-001
2.6324965e-001
2.5250720e-001
2.4149338e-001
2.5620930e-001
0.0000000e+000
0.0000000e+000
0.0000000e+000
0.0000000e+000
1.8172055e-001
1.7280479e-001
1.6377989e-001
1.5832430e-001
0.0000000e+000
0.0000000e+000
0.0000000e+000
1.8344301e-001
1.7426370e-001
1.6367604e-001
1.5240995e-001
1.4002071e-001
1.3570916e-001
1.3101385e-001
1.2621393e-001
1.2399881e-001
0.0000000e+000
0.0000000e+000
0.0000000e+000
0.0000000e+000
9.1519560e-002
7.4525220e-002
6.0214210e-002
4.7086630e-002
3.6831070e-002
3.0434410e-002
2.7757140e-002
2.9980667e-001
3.0703425e-001
3.1435586e-001
3.2187625e-001
3.2935497e-001
3.3651125e-001
3.2719181e-001
3.1798683e-001
3.0898345e-001
3.1499337e-001
2.6495876e-001
0.0000000e+000
0.0000000e+000
0.0000000e+000
2.6803338e-001
2.8138466e-001
2.7092759e-001
2.6007448e-001
2.7250924e-001
2.8331900e-001
0.0000000e+000
0.0000000e+000
0.0000000e+000
2.0018335e-001
1.9118613e-001
1.8198486e-001
1.7661205e-001
1.9017298e-001
1.9995118e-001
2.0115448e-001
1.9278907e-001
1.8449518e-001
1.7513558e-001
1.6517311e-001
1.5431370e-001
1.4979456e-001
1.4490900e-001
1.3958105e-001
0.0000000e+000
0.0000000e+000
0.0000000e+000
0.0000000e+000
0.0000000e+000
1.0727692e-001
8.6812900e-002
7.1420900e-002
5.8027450e-002
4.6354170e-002
4.0032790e-002
3.6687000e-002
3.1798825e-001
3.2541336e-001
3.3291372e-001
3.4051313e-001
3.4807919e-001
3.5538717e-001
3.4588945e-001
3.3648320e-001
3.2711827e-001
3.3320923e-001
2.7222484e-001
0.0000000e+000
0.0000000e+000
0.0000000e+000
0.0000000e+000
2.8907162e-001
2.8989154e-001
2.7934668e-001
2.8731199e-001
2.8071150e-001
2.6681147e-001
2.5206271e-001
2.3655412e-001
2.1942129e-001
2.1029866e-001
2.0095672e-001
1.9570894e-001
2.0560780e-001
2.1236105e-001
2.1231433e-001
2.0467279e-001
1.9702795e-001
1.8865084e-001
1.7979109e-001
1.7015577e-001
1.6547053e-001
1.6043283e-001
1.5462252e-001
0.0000000e+000
0.0000000e+000
0.0000000e+000
0.0000000e+000
0.0000000e+000
1.1621565e-001
9.7089510e-002
8.2284550e-002
6.8539470e-002
5.6426660e-002
5.0165580e-002
4.7153230e-002
3.3694117e-001
3.4452429e-001
3.5210768e-001
3.5983027e-001
3.6746619e-001
3.7483557e-001
3.6525519e-001
3.5562795e-001
3.4603377e-001
3.5230945e-001
2.8130253e-001
0.0000000e+000
0.0000000e+000
0.0000000e+000
0.0000000e+000
2.9543186e-001
3.0947021e-001
2.9917197e-001
3.0350196e-001
2.9617925e-001
2.8295687e-001
2.6917556e-001
2.5484639e-001
2.3921794e-001
2.2999612e-001
2.2054201e-001
2.1539401e-001
2.2236348e-001
2.2675672e-001
2.2571000e-001
2.1846751e-001
2.1140175e-001
2.0381056e-001
1.9589276e-001
1.8723725e-001
1.8241894e-001
1.7731946e-001
1.7148325e-001
0.0000000e+000
0.0000000e+000
0.0000000e+000
0.0000000e+000
0.0000000e+000
1.2029822e-001
1.0672287e-001
9.3429490e-002
7.9403120e-002
6.6938680e-002
6.0725810e-002
5.7980200e-002
3.5651116e-001
3.6422069e-001
3.7187048e-001
3.7963165e-001
3.8738344e-001
3.9480190e-001
3.8509544e-001
3.7535139e-001
3.6563377e-001
3.7205717e-001
2.9309774e-001
0.0000000e+000
0.0000000e+000
0.0000000e+000
0.0000000e+000
3.0269794e-001
3.2966061e-001
3.1943986e-001
3.2086165e-001
3.1290119e-001
3.0022097e-001
2.8727358e-001
2.7376793e-001
2.5928291e-001
2.5004114e-001
2.4055801e-001
2.3554964e-001
2.4017574e-001
2.4268097e-001
2.4077425e-001
2.3385099e-001
2.2712831e-001
2.2022577e-001
2.1306108e-001
2.0525020e-001
2.0038540e-001
1.9535648e-001
1.8961949e-001
1.8659136e-001
0.0000000e+000
0.0000000e+000
0.0000000e+000
1.3657208e-001
1.2188436e-001
1.1045667e-001
9.8762480e-002
8.6735090e-002
7.5684010e-002
6.9509710e-002
6.6977480e-002
3.7651482e-001
3.8432547e-001
3.9208836e-001
3.9988039e-001
4.0772485e-001
4.1524262e-001
4.0543523e-001
3.9553775e-001
3.8572140e-001
3.9238280e-001
3.9788933e-001
3.0400653e-001
0.0000000e+000
0.0000000e+000
0.0000000e+000
3.1902220e-001
3.5046031e-001
3.4018171e-001
3.3921706e-001
3.3062648e-001
3.1831999e-001
3.0585978e-001
2.9295295e-001
2.7932266e-001
2.7018350e-001
2.6097854e-001
2.5602179e-001
2.5883322e-001
2.5976807e-001
2.5711338e-001
2.5032554e-001
2.4375704e-001
2.3698547e-001
2.3078214e-001
2.2400839e-001
2.1232595e-001
1.9757289e-001
1.8528545e-001
1.7499472e-001
1.6502904e-001
1.5438431e-001
1.4289074e-001
1.3111419e-001
1.2224002e-001
1.1373775e-001
1.0461494e-001
9.3631040e-002
8.3884320e-002
7.7740820e-002
7.5379340e-002
3.9680544e-001
4.0475695e-001
4.1261032e-001
4.2048700e-001
4.2834562e-001
4.3594277e-001
4.2605470e-001
4.1609444e-001
4.0613910e-001
4.1299075e-001
4.1885890e-001
4.3261257e-001
3.1877382e-001
3.2067480e-001
3.2619899e-001
3.8136439e-001
3.7162739e-001
3.6124266e-001
3.5818907e-001
3.2744250e-001
0.0000000e+000
0.0000000e+000
0.0000000e+000
0.0000000e+000
0.0000000e+000
2.8154275e-001
2.7686712e-001
2.7816684e-001
2.7778544e-001
2.7383859e-001
2.6697913e-001
0.0000000e+000
0.0000000e+000
0.0000000e+000
2.4224627e-001
2.1815425e-001
1.9961994e-001
1.8586215e-001
1.7481883e-001
1.6391240e-001
1.5317711e-001
1.4482652e-001
1.3697867e-001
1.2975928e-001
1.2262172e-001
1.1393300e-001
1.0329646e-001
9.2898580e-002
8.6779770e-002
8.4554880e-002
4.1732561e-001
4.2538980e-001
4.3325557e-001
4.4119997e-001
4.4912989e-001
4.5679058e-001
4.4689786e-001
4.3682740e-001
4.2682087e-001
4.3388448e-001
4.4004177e-001
4.5250684e-001
4.4213963e-001
4.3188273e-001
4.1860643e-001
4.0304014e-001
3.9302828e-001
3.8243888e-001
3.4740964e-001
0.0000000e+000
0.0000000e+000
0.0000000e+000
0.0000000e+000
0.0000000e+000
0.0000000e+000
3.0222190e-001
2.9795098e-001
2.9798138e-001
2.9648703e-001
2.9126652e-001
0.0000000e+000
0.0000000e+000
0.0000000e+000
0.0000000e+000
2.5565845e-001
2.2751038e-001
2.0716225e-001
1.9222253e-001
1.7970173e-001
1.6911927e-001
1.5987432e-001
1.5230121e-001
1.4433990e-001
1.3822866e-001
1.3218295e-001
1.2489623e-001
1.1493710e-001
1.0343228e-001
9.8201540e-002
9.6085900e-002
4.3802943e-001
4.4612377e-001
4.5405943e-001
4.6205798e-001
4.7004493e-001
4.7775643e-001
4.6786000e-001
4.5782133e-001
4.4777381e-001
4.5488665e-001
4.6133502e-001
4.7276851e-001
4.6231265e-001
4.5200485e-001
4.3940155e-001
4.2484765e-001
4.1461591e-001
4.0392320e-001
3.5376988e-001
0.0000000e+000
0.0000000e+000
0.0000000e+000
0.0000000e+000
0.0000000e+000
0.0000000e+000
3.2365267e-001
3.1928568e-001
3.1818066e-001
3.1567601e-001
0.0000000e+000
0.0000000e+000
0.0000000e+000
0.0000000e+000
0.0000000e+000
2.6250525e-001
2.3517211e-001
2.1584268e-001
2.0000548e-001
1.8744829e-001
1.7682030e-001
1.6751849e-001
1.6112430e-001
1.5268291e-001
1.4745824e-001
1.4315423e-001
1.3698915e-001
1.2757199e-001
1.1518162e-001
1.1066127e-001
1.0950137e-001
4.5888016e-001
4.6699860e-001
4.7499015e-001
4.8303202e-001
4.9100457e-001
4.9881672e-001
4.8891726e-001
4.7890403e-001
4.6882371e-001
4.7597521e-001
4.8265583e-001
4.9320135e-001
4.6742151e-001
4.6250514e-001
4.5604241e-001
4.4651991e-001
4.3641223e-001
4.2563782e-001
3.6305150e-001
0.0000000e+000
0.0000000e+000
0.0000000e+000
3.5039573e-001
3.4623845e-001
3.4094059e-001
3.4532470e-001
3.4094101e-001
3.3892766e-001
3.3003701e-001
0.0000000e+000
0.0000000e+000
0.0000000e+000
0.0000000e+000
0.0000000e+000
2.6522637e-001
2.4310369e-001
2.2486033e-001
2.1038080e-001
1.9734995e-001
1.8612982e-001
1.7608783e-001
1.7063678e-001
1.6267969e-001
1.5816419e-001
1.5525361e-001
1.5085414e-001
1.4100216e-001
1.2877167e-001
1.2481973e-001
1.2442440e-001
4.7978842e-001
4.8792614e-001
4.9596238e-001
5.0409886e-001
5.1211983e-001
5.1995250e-001
5.1005058e-001
5.0005769e-001
4.8995112e-001
4.9719199e-001
5.0393583e-001
4.7435289e-001
3.4421477e-001
3.4158662e-001
3.4711089e-001
3.6078750e-001
4.4754011e-001
4.4747642e-001
4.2827580e-001
3.6223484e-001
3.5921296e-001
3.5562266e-001
4.0539405e-001
3.9771954e-001
3.8437459e-001
3.6724917e-001
3.6279288e-001
3.6005287e-001
3.3167389e-001
0.0000000e+000
0.0000000e+000
0.0000000e+000
0.0000000e+000
3.0010113e-001
2.6831551e-001
2.4932446e-001
2.3391029e-001
2.1971109e-001
2.0703060e-001
1.9516314e-001
1.8539736e-001
1.8070078e-001
1.7399940e-001
1.7091962e-001
1.6912374e-001
1.6526843e-001
1.5593698e-001
1.4383440e-001
1.4033712e-001
1.4055342e-001
5.0080269e-001
5.0895578e-001
5.1702776e-001
5.2517990e-001
5.3329955e-001
5.4114864e-001
5.3124466e-001
5.2126803e-001
5.1120044e-001
5.1844752e-001
4.8045838e-001
3.4686243e-001
0.0000000e+000
0.0000000e+000
0.0000000e+000
0.0000000e+000
3.7267201e-001
4.4729011e-001
4.6099831e-001
4.2783920e-001
4.2202160e-001
4.1536942e-001
4.2713179e-001
4.1900222e-001
4.0493902e-001
3.8931634e-001
3.8480196e-001
3.8148062e-001
3.7217443e-001
3.3156654e-001
3.2925396e-001
3.2598783e-001
3.2235107e-001
3.0111528e-001
2.8001736e-001
2.6305504e-001
2.4800598e-001
2.3317778e-001
2.1984691e-001
2.0716647e-001
1.9703562e-001
1.9294267e-001
1.8811411e-001
1.8531456e-001
1.8441048e-001
1.8185880e-001
1.7207546e-001
1.6094351e-001
1.5780994e-001
1.5851563e-001
5.2190175e-001
5.3006711e-001
5.3816764e-001
5.4633225e-001
5.5447076e-001
5.6233297e-001
5.5248718e-001
5.4252357e-001
5.3242720e-001
5.3964316e-001
4.8738200e-001
3.4869353e-001
0.0000000e+000
0.0000000e+000
0.0000000e+000
0.0000000e+000
3.7450311e-001
4.5459605e-001
4.8259960e-001
4.6745701e-001
4.6206890e-001
4.5458051e-001
4.4763711e-001
4.3915105e-001
4.2591815e-001
4.1143767e-001
4.0681683e-001
4.0315036e-001
3.9843827e-001
3.7225790e-001
3.6771652e-001
3.5883684e-001
3.3570865e-001
3.1295227e-001
2.9391684e-001
2.7736183e-001
2.6173656e-001
2.4727347e-001
2.3342231e-001
2.2095971e-001
2.1140513e-001
2.0779507e-001
2.0359652e-001
2.0188950e-001
2.0169877e-001
2.0019005e-001
1.9004518e-001
1.7882142e-001
1.7684717e-001
1.7707598e-001
5.4300863e-001
5.5118373e-001
5.5936703e-001
5.6748156e-001
5.7563502e-001
5.8356770e-001
5.7376817e-001
5.6381498e-001
5.5369558e-001
5.5018758e-001
4.9320795e-001
3.6048875e-001
0.0000000e+000
0.0000000e+000
0.0000000e+000
0.0000000e+000
3.8416575e-001
4.6019272e-001
5.0422827e-001
4.9025193e-001
4.8401911e-001
4.7604606e-001
4.6850897e-001
4.5973769e-001
4.4722902e-001
4.3360229e-001
4.2889627e-001
4.2495367e-001
4.2017465e-001
4.0739348e-001
3.9056607e-001
3.7157563e-001
3.5073534e-001
3.2975351e-001
3.1076551e-001
2.9318433e-001
2.7749765e-001
2.6274071e-001
2.4934153e-001
2.3705327e-001
2.2709138e-001
2.2473591e-001
2.2104140e-001
2.2020834e-001
2.2058839e-001
2.1991399e-001
2.0947988e-001
1.9905100e-001
1.9713588e-001
1.9698323e-001
5.6412175e-001
5.7230456e-001
5.8049400e-001
5.8862829e-001
5.9679341e-001
6.0484239e-001
5.9507918e-001
5.8513434e-001
5.7499651e-001
5.7365434e-001
5.5587789e-001
4.9898091e-001
3.6858462e-001
0.0000000e+000
0.0000000e+000
0.0000000e+000
3.8656151e-001
4.6469538e-001
5.2285339e-001
5.1295547e-001
5.0598687e-001
4.9768608e-001
4.8967402e-001
4.8067458e-001
4.6868530e-001
4.5574155e-001
4.5102736e-001
4.4680383e-001
4.4046293e-001
4.2182755e-001
4.0360183e-001
3.8480282e-001
3.6528719e-001
3.4596116e-001
3.2687212e-001
3.0916472e-001
2.9429714e-001
2.7930508e-001
2.6626753e-001
2.5498706e-001
2.4556767e-001
2.4334758e-001
2.4092455e-001
2.4079071e-001
2.4162732e-001
2.4162038e-001
2.3095494e-001
2.2029356e-001
2.1929407e-001
2.1883626e-001
5.8523981e-001
5.9342865e-001
6.0162285e-001
6.0977264e-001
6.1794636e-001
6.2602832e-001
6.1629145e-001
6.0635330e-001
5.9626060e-001
5.9671400e-001
5.8407616e-001
5.6645576e-001
4.9750129e-001
3.8878681e-001
3.9159355e-001
3.9330182e-001
4.7105670e-001
5.2959432e-001
5.4788289e-001
5.3552588e-001
5.2796867e-001
5.1940569e-001
5.1101367e-001
5.0183166e-001
4.9025789e-001
4.7786047e-001
4.7307975e-001
4.6869141e-001
4.5394734e-001
4.3561553e-001
4.1776928e-001
3.9944460e-001
3.8052187e-001
3.6193699e-001
3.4377435e-001
3.2613961e-001
3.1105908e-001
2.9674719e-001
2.8486732e-001
2.7439299e-001
2.6540759e-001
2.6329583e-001
2.6188999e-001
2.6318382e-001
2.6525402e-001
2.6578105e-001
2.5493050e-001
2.4321492e-001
2.4207960e-001
2.4137760e-001
6.0630177e-001
6.1455519e-001
6.2269289e-001
6.3085434e-001
6.3903219e-001
6.4713934e-001
6.2667458e-001
6.2079589e-001
6.1497386e-001
6.1938422e-001
6.1091812e-001
5.9840903e-001
5.7389912e-001
4.9668606e-001
4.9048703e-001
4.8319039e-001
5.4142488e-001
5.6654897e-001
5.6979779e-001
5.5792981e-001
5.4996167e-001
5.4112895e-001
5.3243295e-001
5.2310487e-001
5.1186350e-001
4.9990309e-001
4.9506914e-001
4.9048889e-001
4.7280343e-001
4.5408317e-001
4.3575136e-001
4.1790510e-001
3.9958042e-001
3.8065770e-001
3.6207281e-001
3.4391022e-001
3.2952756e-001
3.1489155e-001
3.0393772e-001
2.9410840e-001
2.8633849e-001
2.8518164e-001
2.8545789e-001
2.8876216e-001
2.9181919e-001
2.9190514e-001
2.8003817e-001
2.6834752e-001
2.6623527e-001
2.6446965e-001
6.2737872e-001
6.3562337e-001
6.4371513e-001
6.5188308e-001
6.5505677e-001
6.3276979e-001
6.0285066e-001
5.9790446e-001
5.9318019e-001
5.9750811e-001
6.2588967e-001
6.2831471e-001
6.0684912e-001
5.7679912e-001
5.6786949e-001
5.5806269e-001
5.8236370e-001
5.9112063e-001
5.9173728e-001
5.8026047e-001
5.7190360e-001
5.6285514e-001
5.5391592e-001
5.4441095e-001
5.3349548e-001
5.2188459e-001
5.1694806e-001
5.1135855e-001
4.9207893e-001
4.7304791e-001
4.5519596e-001
4.3686415e-001
4.1814959e-001
3.9982491e-001
3.8090218e-001
3.6318562e-001
3.4849299e-001
3.3446599e-001
3.2425302e-001
3.1580795e-001
3.0901047e-001
3.0948589e-001
3.1458100e-001
3.1754325e-001
3.2160355e-001
3.2046829e-001
3.0778818e-001
2.9438086e-001
2.9061873e-001
2.8800220e-001
6.4840752e-001
6.5664412e-001
6.6469623e-001
6.6341274e-001
6.4005805e-001
6.0887961e-001
5.3386935e-001
5.2770651e-001
5.2021986e-001
5.2233638e-001
6.0337868e-001
6.3651780e-001
6.3743219e-001
6.1274091e-001
6.0687395e-001
6.0123453e-001
6.1016215e-001
6.1518548e-001
6.1369641e-001
6.0247250e-001
5.9380464e-001
5.8458353e-001
5.7544977e-001
5.6586318e-001
5.5502848e-001
5.4375705e-001
5.3873845e-001
5.3116847e-001
5.1255827e-001
4.9327865e-001
4.7581058e-001
4.5795863e-001
4.3806386e-001
4.2021761e-001
4.0015632e-001
3.8279654e-001
3.6872423e-001
3.5518448e-001
3.4556417e-001
3.3822657e-001
3.2516661e-001
0.0000000e+000
0.0000000e+000
0.0000000e+000
3.1512636e-001
3.1186805e-001
3.0880008e-001
3.2200306e-001
3.1605271e-001
3.1188720e-001
6.6945751e-001
6.7762400e-001
6.7262200e-001
6.4841308e-001
6.1616732e-001
5.4193691e-001
3.5624927e-001
3.5996185e-001
3.6820356e-001
3.8378741e-001
5.2773543e-001
6.1405303e-001
6.4748255e-001
6.4457133e-001
6.3801984e-001
6.3152757e-001
6.3668831e-001
6.3872487e-001
6.3555123e-001
6.2458953e-001
6.1567287e-001
6.0631366e-001
5.9696425e-001
5.8731224e-001
5.7654213e-001
5.6554198e-001
5.6039770e-001
5.5207534e-001
5.3400068e-001
5.1539047e-001
4.9822952e-001
4.7989315e-001
4.5992253e-001
4.4159072e-001
4.2235518e-001
4.0528085e-001
3.9083651e-001
3.7855479e-001
3.6854039e-001
3.6208867e-001
3.3002118e-001
0.0000000e+000
0.0000000e+000
0.0000000e+000
0.0000000e+000
0.0000000e+000
0.0000000e+000
3.1661838e-001
3.4013982e-001
3.3692245e-001
6.9040370e-001
6.8251820e-001
6.5755202e-001
6.2435914e-001
5.5126476e-001
3.4983865e-001
0.0000000e+000
0.0000000e+000
0.0000000e+000
0.0000000e+000
3.9667323e-001
5.3828747e-001
6.2474452e-001
6.5840143e-001
6.6715956e-001
6.5998807e-001
6.6213643e-001
6.6184378e-001
6.5732250e-001
6.4663040e-001
6.3745471e-001
6.2798504e-001
6.1846307e-001
6.0869845e-001
5.9803997e-001
5.8713619e-001
5.8195125e-001
5.6772324e-001
5.3505326e-001
5.2853908e-001
5.2116130e-001
5.0423632e-001
4.8333670e-001
4.6548475e-001
4.4690982e-001
4.3006385e-001
4.1532187e-001
4.0404660e-001
3.9458518e-001
3.7571747e-001
3.3374083e-001
0.0000000e+000
0.0000000e+000
0.0000000e+000
0.0000000e+000
0.0000000e+000
0.0000000e+000
3.2185604e-001
3.4881154e-001
3.6374621e-001
7.1132413e-001
6.9605593e-001
6.6933917e-001
6.3403365e-001
5.5978070e-001
3.4895231e-001
0.0000000e+000
0.0000000e+000
0.0000000e+000
0.0000000e+000
0.0000000e+000
4.1046489e-001
5.4209623e-001
6.2762741e-001
6.6710830e-001
6.8691977e-001
6.8672179e-001
6.8450613e-001
6.7896677e-001
6.6843009e-001
6.5916711e-001
6.4960910e-001
6.3988903e-001
6.3003365e-001
6.1946441e-001
6.0863499e-001
5.7926179e-001
5.4146314e-001
4.9757759e-001
4.9232758e-001
4.8646832e-001
4.7998734e-001
4.7210473e-001
4.9139553e-001
4.7248077e-001
4.5755410e-001
4.4257402e-001
4.3210390e-001
4.2308487e-001
4.1339166e-001
3.7788172e-001
3.3666442e-001
3.3623970e-001
0.0000000e+000
0.0000000e+000
0.0000000e+000
0.0000000e+000
3.2519845e-001
3.5577678e-001
3.7760873e-001
7.3101376e-001
7.0980720e-001
6.8138856e-001
6.4395922e-001
5.6731103e-001
3.5168926e-001
0.0000000e+000
0.0000000e+000
0.0000000e+000
0.0000000e+000
0.0000000e+000
4.1139015e-001
5.5011995e-001
6.3814620e-001
6.7922824e-001
7.0647919e-001
7.1055613e-001
7.0686290e-001
7.0044913e-001
6.9009605e-001
6.8076321e-001
6.7107457e-001
6.6125579e-001
6.5132527e-001
6.3194397e-001
5.9505328e-001
5.5319019e-001
5.0398684e-001
4.4584533e-001
4.4217462e-001
4.3797646e-001
4.3347515e-001
4.2745792e-001
4.7165174e-001
5.0060139e-001
4.8634186e-001
4.7117129e-001
4.4687498e-001
4.4171491e-001
4.3644994e-001
4.1728998e-001
3.8238752e-001
3.3788956e-001
0.0000000e+000
0.0000000e+000
0.0000000e+000
3.3320528e-001
3.6212310e-001
3.8395715e-001
3.9879099e-001
7.4634472e-001
7.2383572e-001
6.9371463e-001
6.5415713e-001
5.7423479e-001
3.5804950e-001
0.0000000e+000
0.0000000e+000
0.0000000e+000
0.0000000e+000
0.0000000e+000
4.1593878e-001
5.5753647e-001
6.4798440e-001
6.9139571e-001
7.2038086e-001
7.3378645e-001
7.2885432e-001
7.2186113e-001
7.1159225e-001
7.0220330e-001
6.8630222e-001
6.7440457e-001
6.5520318e-001
6.1499489e-001
5.6898114e-001
5.1571351e-001
4.5225420e-001
3.7605557e-001
3.7412150e-001
3.7199973e-001
3.6949902e-001
3.6605086e-001
4.2513244e-001
4.6985845e-001
4.9288670e-001
4.5328342e-001
4.0666395e-001
4.0310836e-001
3.9917936e-001
3.9471377e-001
4.2249178e-001
3.8458400e-001
3.3917098e-001
3.3825010e-001
3.3638056e-001
3.7411846e-001
3.9462127e-001
4.0983771e-001
4.0506941e-001
7.6186501e-001
7.3795155e-001
7.0615002e-001
6.6449174e-001
5.8062909e-001
3.6531558e-001
0.0000000e+000
0.0000000e+000
0.0000000e+000
0.0000000e+000
4.0952817e-001
5.6655180e-001
6.5700046e-001
6.5807931e-001
6.4668944e-001
7.0196197e-001
7.3101893e-001
7.5060764e-001
7.4309307e-001
7.2288643e-001
6.9399014e-001
6.4488481e-001
6.3427142e-001
6.2394791e-001
5.8970186e-001
5.3248166e-001
4.6496626e-001
3.8322251e-001
0.0000000e+000
0.0000000e+000
0.0000000e+000
0.0000000e+000
0.0000000e+000
3.6162086e-001
4.2089187e-001
4.5464802e-001
4.0742203e-001
3.5103726e-001
3.4948474e-001
3.4698848e-001
3.4429939e-001
3.8654432e-001
4.1342276e-001
3.8124109e-001
3.7844795e-001
3.7527202e-001
4.0358821e-001
4.0913930e-001
3.8491095e-001
3.8080634e-001
7.8128861e-001
7.5702369e-001
7.2478279e-001
7.1183255e-001
6.7023411e-001
5.8621313e-001
3.7910724e-001
3.8563281e-001
3.9578168e-001
4.0945838e-001
5.8133271e-001
6.6896792e-001
5.7265621e-001
5.6479428e-001
5.5598573e-001
6.4681773e-001
7.0583581e-001
7.3630346e-001
7.3757907e-001
7.0835969e-001
6.5276201e-001
5.8798846e-001
5.7897669e-001
5.7080140e-001
6.0360109e-001
5.4425794e-001
4.7408855e-001
3.8902728e-001
0.0000000e+000
0.0000000e+000
0.0000000e+000
0.0000000e+000
0.0000000e+000
3.6704427e-001
4.2970424e-001
4.2060147e-001
3.5902887e-001
0.0000000e+000
0.0000000e+000
0.0000000e+000
0.0000000e+000
3.3986280e-001
3.7706259e-001
4.0521989e-001
4.0772500e-001
4.0331442e-001
4.0747788e-001
3.8363250e-001
3.5591991e-001
3.5312247e-001
7.6182764e-001
7.2748596e-001
6.8257433e-001
6.8610176e-001
5.9539435e-001
5.9891244e-001
5.9623489e-001
6.0024728e-001
6.0327174e-001
5.9468682e-001
5.9403243e-001
5.8091431e-001
4.3601463e-001
4.4234854e-001
4.3724406e-001
5.5611338e-001
6.4742797e-001
7.1106572e-001
7.2450649e-001
6.6747269e-001
5.9605507e-001
5.1150660e-001
5.0473265e-001
4.9876587e-001
5.7005335e-001
5.5457594e-001
4.8139204e-001
3.9255828e-001
0.0000000e+000
0.0000000e+000
0.0000000e+000
0.0000000e+000
0.0000000e+000
3.7019651e-001
4.3171557e-001
3.6443463e-001
0.0000000e+000
0.0000000e+000
0.0000000e+000
0.0000000e+000
0.0000000e+000
0.0000000e+000
3.3449303e-001
3.7250601e-001
4.0047305e-001
4.0666107e-001
3.8281593e-001
3.5510406e-001
3.2232609e-001
3.2140241e-001
7.3131439e-001
6.8470149e-001
5.9030962e-001
5.9480647e-001
3.6392671e-001
3.7226397e-001
3.8422445e-001
6.0709462e-001
7.0273388e-001
6.0197665e-001
4.1400693e-001
4.1409622e-001
0.0000000e+000
0.0000000e+000
0.0000000e+000
4.3794051e-001
5.5755800e-001
6.4890001e-001
6.8715499e-001
6.1057609e-001
5.1957312e-001
4.1030595e-001
4.0632876e-001
4.0312184e-001
4.9648857e-001
5.6713333e-001
5.5655266e-001
4.8317551e-001
3.9490287e-001
0.0000000e+000
0.0000000e+000
0.0000000e+000
3.7902291e-001
4.4273882e-001
4.3818468e-001
3.6834438e-001
0.0000000e+000
0.0000000e+000
0.0000000e+000
0.0000000e+000
0.0000000e+000
0.0000000e+000
3.3859078e-001
3.7893427e-001
4.0895634e-001
3.9511133e-001
3.6443925e-001
3.2772146e-001
0.0000000e+000
0.0000000e+000
6.8858934e-001
5.9259809e-001
3.3891500e-001
3.4362897e-001
0.0000000e+000
0.0000000e+000
0.0000000e+000
3.8950708e-001
6.1626765e-001
4.0427438e-001
0.0000000e+000
0.0000000e+000
0.0000000e+000
0.0000000e+000
0.0000000e+000
4.4342852e-001
5.6648879e-001
6.6058485e-001
6.3162319e-001
5.3477452e-001
4.1843442e-001
0.0000000e+000
0.0000000e+000
0.0000000e+000
3.9892970e-001
4.9172827e-001
5.6308249e-001
5.4829462e-001
4.7636944e-001
3.8934759e-001
3.8760263e-001
3.8377498e-001
4.5658994e-001
5.0391864e-001
4.4306122e-001
3.7073782e-001
0.0000000e+000
0.0000000e+000
0.0000000e+000
0.0000000e+000
0.0000000e+000
0.0000000e+000
3.4117515e-001
3.8433961e-001
4.0743860e-001
3.7309809e-001
3.3274246e-001
0.0000000e+000
0.0000000e+000
0.0000000e+000
5.7966202e-001
3.2465331e-001
0.0000000e+000
0.0000000e+000
0.0000000e+000
0.0000000e+000
0.0000000e+000
3.8011163e-001
6.2549978e-001
3.9034979e-001
0.0000000e+000
0.0000000e+000
0.0000000e+000
0.0000000e+000
0.0000000e+000
4.4377998e-001
5.7477273e-001
6.7175250e-001
6.4348573e-001
5.4392716e-001
4.2372568e-001
0.0000000e+000
0.0000000e+000
0.0000000e+000
3.9830568e-001
4.8462274e-001
5.5253405e-001
5.9708010e-001
5.3952749e-001
4.7118168e-001
4.6671187e-001
4.6058037e-001
5.1557271e-001
5.4068786e-001
4.9205773e-001
4.3486557e-001
3.6649988e-001
3.6455390e-001
0.0000000e+000
0.0000000e+000
0.0000000e+000
3.4867540e-001
3.9031205e-001
4.1999570e-001
3.8157053e-001
3.3681921e-001
0.0000000e+000
0.0000000e+000
0.0000000e+000
0.0000000e+000
5.6727938e-001
3.1525786e-001
0.0000000e+000
0.0000000e+000
0.0000000e+000
0.0000000e+000
0.0000000e+000
3.7343371e-001
6.3405163e-001
3.8276603e-001
0.0000000e+000
0.0000000e+000
0.0000000e+000
0.0000000e+000
0.0000000e+000
4.4072535e-001
5.8219010e-001
6.8222689e-001
6.5487710e-001
5.5201675e-001
4.2721405e-001
0.0000000e+000
0.0000000e+000
0.0000000e+000
0.0000000e+000
3.9128088e-001
4.8000736e-001
5.4753526e-001
5.8053074e-001
5.2532774e-001
5.1765284e-001
5.0940658e-001
5.4493781e-001
5.6762426e-001
5.2861610e-001
4.8321302e-001
4.3005752e-001
4.2128464e-001
3.5843043e-001
3.5554952e-001
3.5210101e-001
4.0177622e-001
4.3220078e-001
4.2789076e-001
3.8773602e-001
3.4034978e-001
0.0000000e+000
0.0000000e+000
0.0000000e+000
0.0000000e+000
5.7265878e-001
3.2025938e-001
0.0000000e+000
0.0000000e+000
0.0000000e+000
0.0000000e+000
3.6556883e-001
6.3678047e-001
6.4173977e-001
3.8505010e-001
0.0000000e+000
0.0000000e+000
0.0000000e+000
0.0000000e+000
4.2308819e-001
5.9088829e-001
6.9092605e-001
6.9508088e-001
6.6465164e-001
5.5879630e-001
4.2977586e-001
0.0000000e+000
0.0000000e+000
0.0000000e+000
0.0000000e+000
3.8829904e-001
4.7550120e-001
5.4200037e-001
5.2684323e-001
4.6015511e-001
4.5440244e-001
4.4793133e-001
4.9665649e-001
5.3018469e-001
5.5443689e-001
5.1923522e-001
4.7821405e-001
4.6374788e-001
4.1534363e-001
4.0996853e-001
4.0432985e-001
4.4137856e-001
4.5464783e-001
4.2173124e-001
3.8339253e-001
3.3804220e-001
0.0000000e+000
0.0000000e+000
0.0000000e+000
0.0000000e+000
5.7709074e-001
5.8645044e-001
3.3495688e-001
3.4238830e-001
3.5163133e-001
3.6449773e-001
6.3952041e-001
7.4734917e-001
7.5274321e-001
6.4095681e-001
3.9874621e-001
3.9883550e-001
4.0435977e-001
4.1622469e-001
6.0680370e-001
7.0654543e-001
5.9972394e-001
5.9258199e-001
6.7393963e-001
5.6454218e-001
4.3204186e-001
0.0000000e+000
0.0000000e+000
0.0000000e+000
0.0000000e+000
3.8401201e-001
4.6994903e-001
5.2953712e-001
4.6186154e-001
3.8086188e-001
3.7798424e-001
3.7396915e-001
4.3894966e-001
4.8470085e-001
5.1838153e-001
5.4216769e-001
5.1385695e-001
4.9480254e-001
4.5799610e-001
4.5081526e-001
4.4342446e-001
4.7037110e-001
4.6827930e-001
4.4213060e-001
4.1201498e-001
3.7670654e-001
3.3443379e-001
3.3330240e-001
0.0000000e+000
0.0000000e+000
3.1784897e-001
3.2890368e-001
5.9855221e-001
6.1767712e-001
6.3612628e-001
6.4260954e-001
7.5504178e-001
8.1779097e-001
8.2362907e-001
7.5739347e-001
6.4167713e-001
6.3650205e-001
6.2984830e-001
6.2194238e-001
6.2222359e-001
6.0895339e-001
4.3508148e-001
4.4241736e-001
5.9004040e-001
5.6983696e-001
4.3280012e-001
0.0000000e+000
0.0000000e+000
0.0000000e+000
3.7634367e-001
4.6611751e-001
5.3466568e-001
4.6636779e-001
3.8357721e-001
0.0000000e+000
0.0000000e+000
0.0000000e+000
3.6898983e-001
4.3049115e-001
4.7642925e-001
5.0976729e-001
5.3336407e-001
5.1851610e-001
4.9002140e-001
4.8158565e-001
4.7298273e-001
4.9184501e-001
4.7916424e-001
4.5811969e-001
4.3414737e-001
4.0628108e-001
3.7331103e-001
3.6857853e-001
3.2991621e-001
3.2823822e-001
0.0000000e+000
0.0000000e+000
3.3590164e-001
6.1477190e-001
7.5838632e-001
7.6264890e-001
8.2727901e-001
8.7900120e-001
8.8519454e-001
8.3022429e-001
7.6416753e-001
7.5873345e-001
6.3651469e-001
4.0936128e-001
4.1216802e-001
4.1588061e-001
0.0000000e+000
0.0000000e+000
4.4288356e-001
5.8568157e-001
5.5684930e-001
4.2248879e-001
1.5227190e-002
3.6432614e-001
4.5291717e-001
5.2603540e-001
4.6922189e-001
3.8550025e-001
0.0000000e+000
0.0000000e+000
0.0000000e+000
0.0000000e+000
0.0000000e+000
3.6439970e-001
4.2589636e-001
4.7164444e-001
5.0498242e-001
5.2876794e-001
5.1411248e-001
5.0467361e-001
4.9491143e-001
5.0100066e-001
4.8647781e-001
4.6916679e-001
4.4986399e-001
4.2807225e-001
4.0269568e-001
3.9519178e-001
3.6556587e-001
3.6254124e-001
0.0000000e+000
0.0000000e+000
0.0000000e+000
3.4461574e-001
6.3045723e-001
7.7242504e-001
8.4242590e-001
9.0000510e-001
9.0302514e-001
8.4429706e-001
7.7076470e-001
6.3937024e-001
4.0839889e-001
0.0000000e+000
0.0000000e+000
0.0000000e+000
0.0000000e+000
0.0000000e+000
4.3873126e-001
5.8323440e-001
5.5261438e-001
4.1910389e-001
1.1489210e-002
3.6188810e-001
4.4943639e-001
4.7064613e-001
3.8606277e-001
0.0000000e+000
0.0000000e+000
0.0000000e+000
0.0000000e+000
0.0000000e+000
0.0000000e+000
3.6382041e-001
4.2390434e-001
4.6833261e-001
5.0061501e-001
5.2374726e-001
5.2371180e-001
5.1273711e-001
5.0408727e-001
4.9617271e-001
4.9095266e-001
4.7666932e-001
4.6115125e-001
4.4409049e-001
4.2486473e-001
4.1476368e-001
3.9217718e-001
3.8845303e-001
0.0000000e+000
0.0000000e+000
0.0000000e+000
3.4227520e-001
6.2624415e-001
7.7349792e-001
8.4607370e-001
9.0415942e-001
9.0718027e-001
8.4794590e-001
7.6703713e-001
6.3661980e-001
4.0605828e-001
0.0000000e+000
0.0000000e+000
0.0000000e+000
0.0000000e+000
0.0000000e+000
4.3639065e-001
5.8048556e-001
5.4986541e-001
4.1757669e-001
1.1489210e-002
3.6036093e-001
4.4668742e-001
4.6789761e-001
3.8453614e-001
0.0000000e+000
0.0000000e+000
0.0000000e+000
0.0000000e+000
0.0000000e+000
0.0000000e+000
3.6229219e-001
4.2115456e-001
4.6460558e-001
4.9610618e-001
5.1861304e-001
5.1779915e-001
5.0730655e-001
4.9925932e-001
4.9209802e-001
4.8405243e-001
4.6995324e-001
4.5466543e-001
4.3789278e-001
4.1902770e-001
4.0813713e-001
3.8583578e-001
3.8211122e-001
0.0000000e+000
0.0000000e+000
3.2887988e-001
6.0213268e-001
7.6593421e-001
7.7106928e-001
8.5436494e-001
9.1196682e-001
9.1531268e-001
8.5664326e-001
7.6894414e-001
7.5758439e-001
6.3049662e-001
3.9956544e-001
4.0237218e-001
4.0608476e-001
0.0000000e+000
0.0000000e+000
4.3586172e-001
5.7743459e-001
5.4860238e-001
4.1790716e-001
1.5227190e-002
3.5974451e-001
4.4467026e-001
5.1485639e-001
4.6172446e-001
3.8185122e-001
0.0000000e+000
0.0000000e+000
0.0000000e+000
0.0000000e+000
0.0000000e+000
3.5981768e-001
4.1764913e-001
4.6046505e-001
4.9145737e-001
5.1336670e-001
5.1224197e-001
5.0280326e-001
4.9304184e-001
4.8565790e-001
4.7074666e-001
4.5522953e-001
4.3816931e-001
4.1918086e-001
3.9730862e-001
3.8580191e-001
3.5955128e-001
3.5652289e-001
3.0805313e-001
3.1910784e-001
5.8091975e-001
5.9782544e-001
6.1627460e-001
6.3762232e-001
7.7160027e-001
8.5931392e-001
8.6217904e-001
7.7195406e-001
6.4067578e-001
6.3549413e-001
6.2884162e-001
6.2093758e-001
6.1898859e-001
6.0571970e-001
4.2528564e-001
4.3262151e-001
5.8457871e-001
5.6660317e-001
4.3100356e-001
0.0000000e+000
0.0000000e+000
0.0000000e+000
3.7454615e-001
4.6288027e-001
5.2936132e-001
4.6412514e-001
3.8270140e-001
0.0000000e+000
0.0000000e+000
0.0000000e+000
3.6904522e-001
4.2502953e-001
4.6803500e-001
4.9902744e-001
5.2074822e-001
5.1943076e-001
4.9341051e-001
4.8497478e-001
4.7637289e-001
4.9251270e-001
4.7345280e-001
4.5322225e-001
4.3026997e-001
4.0367939e-001
3.7230423e-001
3.6534906e-001
3.2812498e-001
3.2644231e-001
5.5668421e-001
5.6276950e-001
3.2238704e-001
3.2981846e-001
3.3906149e-001
3.5192780e-001
6.4232503e-001
7.7308383e-001
7.7566249e-001
6.4273640e-001
3.8617637e-001
3.8626566e-001
3.9178985e-001
4.0365485e-001
6.1018712e-001
7.1302733e-001
5.9927530e-001
5.9213327e-001
6.7635160e-001
5.6632153e-001
4.3303036e-001
0.0000000e+000
0.0000000e+000
0.0000000e+000
0.0000000e+000
3.8500058e-001
4.7172840e-001
5.3194782e-001
4.6364069e-001
3.8184935e-001
3.7896677e-001
3.7495778e-001
4.3998243e-001
4.8132118e-001
5.1265487e-001
5.3456537e-001
5.2376744e-001
5.0097683e-001
4.6447826e-001
4.5729738e-001
4.4990791e-001
4.7817882e-001
4.7160180e-001
4.4504805e-001
4.1442612e-001
3.7848479e-001
3.3542093e-001
3.3429464e-001
0.0000000e+000
0.0000000e+000
5.4765877e-001
3.0637046e-001
0.0000000e+000
0.0000000e+000
0.0000000e+000
0.0000000e+000
3.5167991e-001
6.4136114e-001
6.4685556e-001
3.7116118e-001
0.0000000e+000
0.0000000e+000
0.0000000e+000
0.0000000e+000
4.1453805e-001
5.9775638e-001
7.0089408e-001
6.9771382e-001
6.7195189e-001
5.6418176e-001
4.3276781e-001
0.0000000e+000
0.0000000e+000
0.0000000e+000
0.0000000e+000
3.9129100e-001
4.8088665e-001
5.4930062e-001
5.3262648e-001
4.6393512e-001
4.5818037e-001
4.5171413e-001
5.0047462e-001
5.3047606e-001
5.5284912e-001
5.3114924e-001
4.8936684e-001
4.7223341e-001
4.2221065e-001
4.1683550e-001
4.1119789e-001
4.5133996e-001
4.6347942e-001
4.2903080e-001
3.8877711e-001
3.4103299e-001
0.0000000e+000
0.0000000e+000
0.0000000e+000
0.0000000e+000
5.4951474e-001
3.0538865e-001
0.0000000e+000
0.0000000e+000
0.0000000e+000
0.0000000e+000
0.0000000e+000
3.6356442e-001
6.4277140e-001
3.7289674e-001
0.0000000e+000
0.0000000e+000
0.0000000e+000
0.0000000e+000
0.0000000e+000
4.3085606e-001
5.9091062e-001
6.9404753e-001
6.6669691e-001
5.6073625e-001
4.3205814e-001
0.0000000e+000
0.0000000e+000
0.0000000e+000
0.0000000e+000
3.9612519e-001
4.8872703e-001
5.5935523e-001
5.9121422e-001
5.3319293e-001
5.2551949e-001
5.1727708e-001
5.5283663e-001
5.7395763e-001
5.4386050e-001
4.9621717e-001
4.4025870e-001
4.3000402e-001
3.6327436e-001
3.6039336e-001
3.5694578e-001
4.1049343e-001
4.4787348e-001
4.3970954e-001
3.9645419e-001
3.4519223e-001
0.0000000e+000
0.0000000e+000
0.0000000e+000
0.0000000e+000
5.5952304e-001
3.1346503e-001
0.0000000e+000
0.0000000e+000
0.0000000e+000
0.0000000e+000
0.0000000e+000
3.6892335e-001
6.3755259e-001
3.7916151e-001
0.0000000e+000
0.0000000e+000
0.0000000e+000
0.0000000e+000
0.0000000e+000
4.3259170e-001
5.8682761e-001
6.8809295e-001
6.5982520e-001
5.5598083e-001
4.3042208e-001
0.0000000e+000
0.0000000e+000
0.0000000e+000
4.0500229e-001
4.9519473e-001
5.6620651e-001
6.1779569e-001
5.5705200e-001
4.8471667e-001
4.8024668e-001
4.7411630e-001
5.3457950e-001
5.6045601e-001
5.0839723e-001
4.4691926e-001
3.7319630e-001
3.7125087e-001
0.0000000e+000
0.0000000e+000
0.0000000e+000
3.5351850e-001
4.0384792e-001
4.3633524e-001
3.9362386e-001
3.4351514e-001
0.0000000e+000
0.0000000e+000
0.0000000e+000
0.0000000e+000
7.2396472e-001
5.7231331e-001
3.2508856e-001
3.2980254e-001
0.0000000e+000
0.0000000e+000
0.0000000e+000
3.7699964e-001
6.3165901e-001
3.9176694e-001
0.0000000e+000
0.0000000e+000
0.0000000e+000
0.0000000e+000
0.0000000e+000
4.4066807e-001
5.8187591e-001
6.8144341e-001
6.5248240e-001
5.5016242e-001
4.2698321e-001
0.0000000e+000
0.0000000e+000
0.0000000e+000
4.0747860e-001
5.0711627e-001
5.8394176e-001
5.6915344e-001
4.9175681e-001
3.9789567e-001
3.9615051e-001
3.9232423e-001
4.7197808e-001
5.2504090e-001
4.5845327e-001
3.7928764e-001
0.0000000e+000
0.0000000e+000
0.0000000e+000
0.0000000e+000
0.0000000e+000
0.0000000e+000
3.4972456e-001
3.9972798e-001
4.2829709e-001
3.8848530e-001
3.4129049e-001
0.0000000e+000
0.0000000e+000
0.0000000e+000
8.1258779e-001
7.2336934e-001
5.9530835e-001
6.0651093e-001
3.5010028e-001
3.5843754e-001
3.7039801e-001
6.2581614e-001
7.4735655e-001
6.2218409e-001
3.9886142e-001
3.9895071e-001
0.0000000e+000
0.0000000e+000
0.0000000e+000
4.4834019e-001
5.7628175e-001
6.7428510e-001
7.1785928e-001
6.3595495e-001
5.3829520e-001
4.2070709e-001
4.1672999e-001
4.1352335e-001
5.1372898e-001
5.8984507e-001
5.8454660e-001
5.0338087e-001
4.0530299e-001
0.0000000e+000
0.0000000e+000
0.0000000e+000
3.8757207e-001
4.6293924e-001
4.5690670e-001
3.7874542e-001
0.0000000e+000
0.0000000e+000
0.0000000e+000
0.0000000e+000
0.0000000e+000
0.0000000e+000
3.4899361e-001
3.9765774e-001
4.3433637e-001
4.2048898e-001
3.8315991e-001
3.3812101e-001
0.0000000e+000
0.0000000e+000
8.8083958e-001
8.1180440e-001
7.2293326e-001
7.2896376e-001
6.1596701e-001
6.1948467e-001
6.1977278e-001
6.2378605e-001
6.2680950e-001
6.1822347e-001
6.1609234e-001
6.0297314e-001
4.2086912e-001
4.2911084e-001
4.4188160e-001
5.7724456e-001
6.7581763e-001
7.5006086e-001
7.6881601e-001
7.0269667e-001
6.2476816e-001
5.3208106e-001
5.2530747e-001
5.1934110e-001
5.9609953e-001
5.8447263e-001
5.0344601e-001
4.0481048e-001
0.0000000e+000
0.0000000e+000
0.0000000e+000
0.0000000e+000
0.0000000e+000
3.8244932e-001
4.5377178e-001
3.7668802e-001
0.0000000e+000
0.0000000e+000
0.0000000e+000
0.0000000e+000
0.0000000e+000
0.0000000e+000
3.4674756e-001
3.9456318e-001
4.3037230e-001
4.4283282e-001
4.1271390e-001
3.7715968e-001
3.3457876e-001
3.3365487e-001
9.3400622e-001
8.8102927e-001
8.1218202e-001
8.1344740e-001
7.2581607e-001
6.1308547e-001
3.6264273e-001
3.6916831e-001
3.7931718e-001
3.9299379e-001
6.0820639e-001
7.1077855e-001
5.9657047e-001
5.8870122e-001
5.7988846e-001
6.7793091e-001
7.5300927e-001
8.0824447e-001
8.0706137e-001
7.5331212e-001
6.9132025e-001
6.1855396e-001
6.0954292e-001
6.0136852e-001
6.4524086e-001
5.7867545e-001
4.9947814e-001
4.0313198e-001
0.0000000e+000
0.0000000e+000
0.0000000e+000
0.0000000e+000
0.0000000e+000
3.8115031e-001
4.5509492e-001
4.4599252e-001
3.7313542e-001
0.0000000e+000
0.0000000e+000
0.0000000e+000
0.0000000e+000
3.5582300e-001
4.0097223e-001
4.3697182e-001
4.4599595e-001
4.4158656e-001
4.4550303e-001
4.1538318e-001
3.7982903e-001
3.7703027e-001
9.2875916e-001
8.7684951e-001
8.0914671e-001
7.2170534e-001
6.0935380e-001
3.4753200e-001
0.0000000e+000
0.0000000e+000
0.0000000e+000
0.0000000e+000
3.9174459e-001
5.9675612e-001
6.9860710e-001
6.9316304e-001
6.8176758e-001
7.5623184e-001
8.1232486e-001
8.5254316e-001
8.3543941e-001
7.9183040e-001
7.4227687e-001
6.8529552e-001
6.7468371e-001
6.6436309e-001
6.3680988e-001
5.7141901e-001
4.9369021e-001
3.9917975e-001
0.0000000e+000
0.0000000e+000
0.0000000e+000
0.0000000e+000
0.0000000e+000
3.7757939e-001
4.4961697e-001
4.9359575e-001
4.3615528e-001
3.6700388e-001
3.6544770e-001
3.6294698e-001
3.6025659e-001
4.1527354e-001
4.4850941e-001
4.1144861e-001
4.0865440e-001
4.0547996e-001
4.4463421e-001
4.5049879e-001
4.1999976e-001
4.1589079e-001
9.2162156e-001
8.7026228e-001
8.0348445e-001
7.1719929e-001
6.0629369e-001
3.3894685e-001
0.0000000e+000
0.0000000e+000
0.0000000e+000
0.0000000e+000
0.0000000e+000
3.9683605e-001
5.8959747e-001
6.9144356e-001
7.6102040e-001
8.1662213e-001
8.5752686e-001
8.8592089e-001
8.5641656e-001
8.2086050e-001
7.8113627e-001
7.3644155e-001
7.2454820e-001
7.1250835e-001
6.7486170e-001
6.2155560e-001
5.5916979e-001
4.8431208e-001
3.9386518e-001
3.9193105e-001
3.8980961e-001
3.8730986e-001
3.8386147e-001
4.5571052e-001
5.1064932e-001
5.4294717e-001
4.9468468e-001
4.3724784e-001
4.3368924e-001
4.2975670e-001
4.2529007e-001
4.6661119e-001
4.1766843e-001
3.5698274e-001
3.5606044e-001
3.5419128e-001
4.0617319e-001
4.4193341e-001
4.5648362e-001
4.5094755e-001
9.1388816e-001
8.6340431e-001
7.9748378e-001
7.1227024e-001
5.9519094e-001
3.3126753e-001
0.0000000e+000
0.0000000e+000
0.0000000e+000
0.0000000e+000
0.0000000e+000
3.9096842e-001
5.8551557e-001
6.8612581e-001
7.6226492e-001
8.1939567e-001
8.6112955e-001
8.9054351e-001
8.7157883e-001
8.4214819e-001
8.1031768e-001
7.7549013e-001
7.6237913e-001
7.4225117e-001
7.0387649e-001
6.6039183e-001
6.1028555e-001
5.5077794e-001
4.7975594e-001
4.7608540e-001
4.7188752e-001
4.6738698e-001
4.6136921e-001
5.1577845e-001
5.5703741e-001
5.7491925e-001
5.3613188e-001
4.9100627e-001
4.8584250e-001
4.8057481e-001
4.6912261e-001
4.1875759e-001
3.5755245e-001
0.0000000e+000
0.0000000e+000
0.0000000e+000
3.5101442e-001
3.9900048e-001
4.3460037e-001
4.6045244e-001
9.0562872e-001
8.5565180e-001
7.9060191e-001
7.0647669e-001
5.8698433e-001
3.2721159e-001
0.0000000e+000
0.0000000e+000
0.0000000e+000
0.0000000e+000
0.0000000e+000
3.8872409e-001
5.8082863e-001
6.8012991e-001
7.5560090e-001
8.1200704e-001
8.5316119e-001
8.8230082e-001
8.8177130e-001
8.5746118e-001
8.3179392e-001
8.0467035e-001
7.8693788e-001
7.5758181e-001
7.2537034e-001
6.8959255e-001
6.4912057e-001
6.0189310e-001
5.4622144e-001
5.4097193e-001
5.3511289e-001
5.2863252e-001
5.2074882e-001
5.6158516e-001
5.9170784e-001
5.9683821e-001
5.6633955e-001
5.3157483e-001
5.1105139e-001
4.6855990e-001
4.1809639e-001
3.5818248e-001
3.5775930e-001
0.0000000e+000
0.0000000e+000
0.0000000e+000
0.0000000e+000
3.4671680e-001
3.9450627e-001
4.3010747e-001
8.9684472e-001
8.4724325e-001
7.8289986e-001
6.9989478e-001
5.8348795e-001
3.2677886e-001
0.0000000e+000
0.0000000e+000
0.0000000e+000
0.0000000e+000
3.7361335e-001
5.8034852e-001
6.8203101e-001
7.5750698e-001
8.1372372e-001
8.2141055e-001
8.4314383e-001
8.5683531e-001
8.6392062e-001
8.6217976e-001
8.4026858e-001
8.1736291e-001
7.9345430e-001
7.6805576e-001
7.4079512e-001
7.1120700e-001
6.7847262e-001
6.4091743e-001
5.9733626e-001
5.9082314e-001
5.8344558e-001
5.7538137e-001
5.6600496e-001
5.9598216e-001
6.0741839e-001
5.7924757e-001
5.4739236e-001
5.1093480e-001
4.6825107e-001
4.1778440e-001
3.5711554e-001
0.0000000e+000
0.0000000e+000
0.0000000e+000
0.0000000e+000
0.0000000e+000
0.0000000e+000
3.4522657e-001
3.9087559e-001
4.2495264e-001
9.3209374e-001
8.9411366e-001
8.4405985e-001
7.7891671e-001
6.9491263e-001
5.7559737e-001
3.3187040e-001
3.3558298e-001
3.4382470e-001
3.5940846e-001
5.7312800e-001
6.7854928e-001
7.5853380e-001
7.9621077e-001
7.8315974e-001
7.6993262e-001
8.0182419e-001
8.2390027e-001
8.3748197e-001
8.4451202e-001
8.3750835e-001
8.1851997e-001
7.9700406e-001
7.7459281e-001
7.5130228e-001
7.2643938e-001
7.0008530e-001
6.7026837e-001
6.3635996e-001
6.2845599e-001
6.1986359e-001
6.1053229e-001
6.0015127e-001
6.2124846e-001
5.9843701e-001
5.7082900e-001
5.3967783e-001
5.0410036e-001
4.6251677e-001
4.1366282e-001
3.5524703e-001
0.0000000e+000
0.0000000e+000
0.0000000e+000
0.0000000e+000
0.0000000e+000
0.0000000e+000
3.4184238e-001
3.8554215e-001
4.1843907e-001
9.5869115e-001
9.2969538e-001
8.9110888e-001
8.4029985e-001
7.7445039e-001
6.8956367e-001
5.6986475e-001
5.7495276e-001
5.6746714e-001
5.6958132e-001
6.7216369e-001
7.5590654e-001
7.9869073e-001
7.3084411e-001
7.1972894e-001
7.0791577e-001
7.5250521e-001
7.8482521e-001
8.0652733e-001
8.2004396e-001
8.1601517e-001
7.9950507e-001
7.9790525e-001
7.7838688e-001
7.5814835e-001
7.3709699e-001
7.1550630e-001
6.9188014e-001
6.6571000e-001
6.5650137e-001
6.4693708e-001
6.3678170e-001
6.2540736e-001
6.1429654e-001
5.8962536e-001
5.6261910e-001
5.3222285e-001
4.9735274e-001
4.5689059e-001
4.0920160e-001
3.5224209e-001
0.0000000e+000
0.0000000e+000
0.0000000e+000
3.4405268e-001
3.4079762e-001
3.3772976e-001
3.8282590e-001
4.1646341e-001
4.4112187e-001
9.1002273e-001
9.4319524e-001
9.2669068e-001
8.8734891e-001
8.3583352e-001
7.6910139e-001
6.8334849e-001
6.7444467e-001
6.6486582e-001
6.6842733e-001
7.4936911e-001
8.0281414e-001
7.3313384e-001
6.5122756e-001
6.4229702e-001
6.3249108e-001
6.9295290e-001
7.3807782e-001
7.6993046e-001
7.9131559e-001
7.9100479e-001
7.7509574e-001
7.7782319e-001
7.6141339e-001
7.4444930e-001
7.3648653e-001
7.1684692e-001
6.9565611e-001
6.7252918e-001
6.4722002e-001
6.3652604e-001
6.2563435e-001
6.1414554e-001
6.1766857e-001
5.9617736e-001
5.7290726e-001
5.4718097e-001
5.1838528e-001
4.8551616e-001
4.4731842e-001
4.0222298e-001
3.4850548e-001
3.4777119e-001
3.4647040e-001
3.9326402e-001
3.8860233e-001
3.8345771e-001
4.1665414e-001
4.4131431e-001
4.5897868e-001
8.6070901e-001
8.9370677e-001
9.2800418e-001
9.2314899e-001
8.8315547e-001
8.3082566e-001
7.6307565e-001
7.5197968e-001
7.4072621e-001
7.4563177e-001
8.0189641e-001
7.3778402e-001
6.5370588e-001
5.5356604e-001
5.4736653e-001
5.4007032e-001
6.2037261e-001
6.8126672e-001
7.2580748e-001
7.5726456e-001
7.6160110e-001
7.4644086e-001
7.5457569e-001
7.3855498e-001
7.2231171e-001
7.2023846e-001
6.9839751e-001
6.7469189e-001
6.4842140e-001
6.1918261e-001
6.0918436e-001
5.9916967e-001
5.8840844e-001
5.9683321e-001
5.9919393e-001
5.7912365e-001
5.5729182e-001
5.3312362e-001
5.0627491e-001
4.7560227e-001
4.4014997e-001
3.9848628e-001
3.9640651e-001
3.9406539e-001
4.3000362e-001
4.2440915e-001
4.1760322e-001
4.4165871e-001
4.5932641e-001
4.7139347e-001
8.1162758e-001
8.4518562e-001
8.7881076e-001
9.1297958e-001
9.1895528e-001
8.7814728e-001
8.2479953e-001
8.1213648e-001
7.9935368e-001
7.9241525e-001
7.3642284e-001
6.5831775e-001
5.5623360e-001
3.5913173e-001
3.6193847e-001
3.7018019e-001
5.3127066e-001
6.1187626e-001
6.7227716e-001
7.1632391e-001
7.2670656e-001
7.1248175e-001
7.2737550e-001
7.1207568e-001
6.9649648e-001
7.0174789e-001
6.7761751e-001
6.5058157e-001
6.2038245e-001
5.8623219e-001
5.7733786e-001
5.6818241e-001
5.5809373e-001
5.7222877e-001
5.7878276e-001
5.8147345e-001
5.6380620e-001
5.4360544e-001
5.2147634e-001
4.9670254e-001
4.6862354e-001
4.3641333e-001
4.3306743e-001
4.2970470e-001
4.5671564e-001
4.5080698e-001
4.4286149e-001
4.5941404e-001
4.7167624e-001
4.7609962e-001
7.6361524e-001
7.9709491e-001
8.3065845e-001
8.6490159e-001
8.9889884e-001
9.1394475e-001
8.7211962e-001
8.3650343e-001
7.8501073e-001
7.2924234e-001
6.5667319e-001
5.4476995e-001
3.3892946e-001
0.0000000e+000
0.0000000e+000
0.0000000e+000
3.6621346e-001
5.2676173e-001
6.0698782e-001
6.6700853e-001
6.8471176e-001
6.7189295e-001
6.9523531e-001
6.8083600e-001
6.6608689e-001
6.7714594e-001
6.5424386e-001
6.2322529e-001
5.8781091e-001
5.4714152e-001
5.3938915e-001
5.3130775e-001
5.2229675e-001
5.4356689e-001
5.5535972e-001
5.6232808e-001
5.6599721e-001
5.4993921e-001
5.3149542e-001
5.1156256e-001
4.8953403e-001
4.6488663e-001
4.6052774e-001
4.5615833e-001
4.7563355e-001
4.6967709e-001
4.6082020e-001
4.7155766e-001
4.7587754e-001
4.6719609e-001
7.1616052e-001
7.4954221e-001
7.8302877e-001
8.1736478e-001
8.5139348e-001
8.8668751e-001
8.4014373e-001
7.8692592e-001
7.2512854e-001
6.5236932e-001
5.2732407e-001
3.2819552e-001
0.0000000e+000
0.0000000e+000
0.0000000e+000
0.0000000e+000
3.5309925e-001
5.2559328e-001
6.0493718e-001
6.4455095e-001
6.3384179e-001
6.2278036e-001
6.5668343e-001
6.4340952e-001
6.2969806e-001
6.4801231e-001
6.2707698e-001
5.9065358e-001
5.4872009e-001
4.9990178e-001
4.9357640e-001
4.8683755e-001
4.7917365e-001
5.0936196e-001
5.2794007e-001
5.4048890e-001
5.4820638e-001
5.5158843e-001
5.3770712e-001
5.2142916e-001
5.0420358e-001
4.8579619e-001
4.8043737e-001
4.7526278e-001
4.8885764e-001
4.8271226e-001
4.7312639e-001
4.7553984e-001
4.6691677e-001
4.5839595e-001
6.6940284e-001
7.0266206e-001
7.3683111e-001
7.7050451e-001
8.0457248e-001
8.4139778e-001
8.3407044e-001
7.8143272e-001
7.2036030e-001
6.4071827e-001
5.1210244e-001
3.1508131e-001
0.0000000e+000
0.0000000e+000
0.0000000e+000
0.0000000e+000
3.4089080e-001
5.2333097e-001
6.0163858e-001
5.8030958e-001
5.7187793e-001
5.6277620e-001
6.0988011e-001
5.9801283e-001
5.8583539e-001
6.1321750e-001
5.9508903e-001
5.5205555e-001
5.0185940e-001
4.4247576e-001
4.3793384e-001
4.3263620e-001
4.2665619e-001
4.6846593e-001
4.9552556e-001
5.1504920e-001
5.2806048e-001
5.3565598e-001
5.3222245e-001
5.1690964e-001
5.0639018e-001
4.9836758e-001
4.9449335e-001
4.8867384e-001
4.9084712e-001
4.8589538e-001
4.7598868e-001
4.6672950e-001
4.5828162e-001
4.4996623e-001
6.2351643e-001
6.5662258e-001
6.9086600e-001
7.2448986e-001
7.5860694e-001
7.9539195e-001
8.1966891e-001
7.7306040e-001
7.0706860e-001
6.1684768e-001
4.9326742e-001
3.1193105e-001
0.0000000e+000
0.0000000e+000
0.0000000e+000
0.0000000e+000
3.3774063e-001
5.1935911e-001
5.8259642e-001
5.0139037e-001
4.9557276e-001
4.8892061e-001
5.5276258e-001
5.4265351e-001
5.3215661e-001
5.7111005e-001
5.5618018e-001
5.0504325e-001
4.4424377e-001
3.7160596e-001
3.6929319e-001
3.6603405e-001
3.6239590e-001
4.1920631e-001
4.5710478e-001
4.8510964e-001
5.0497439e-001
5.1783329e-001
5.1791827e-001
5.0088932e-001
4.9063260e-001
4.8294224e-001
4.8397486e-001
4.8255147e-001
4.8008056e-001
4.7604863e-001
4.6735992e-001
4.5828169e-001
4.4981961e-001
4.4176308e-001
5.7794040e-001
6.1085519e-001
6.4519158e-001
6.7875352e-001
7.1371073e-001
7.5044533e-001
7.8233096e-001
7.9852859e-001
7.6939059e-001
7.0575339e-001
6.1618152e-001
4.9263382e-001
3.0796440e-001
3.0533617e-001
3.1086044e-001
3.2453705e-001
5.2146021e-001
5.8709850e-001
5.0367954e-001
3.4935149e-001
3.5215823e-001
3.5768249e-001
4.8227837e-001
4.7460399e-001
4.6620779e-001
5.1986211e-001
5.0928956e-001
4.4757948e-001
3.7356359e-001
0.0000000e+000
0.0000000e+000
0.0000000e+000
0.0000000e+000
3.5878147e-001
4.1070233e-001
4.4954559e-001
4.7773986e-001
4.9741419e-001
5.0208563e-001
4.8295911e-001
4.7326622e-001
4.6599079e-001
4.6938606e-001
4.6994439e-001
4.6895248e-001
4.6601662e-001
4.5891218e-001
4.4981977e-001
4.4157585e-001
4.3360656e-001
5.3275231e-001
5.6542792e-001
5.9988051e-001
6.3414379e-001
6.6937242e-001
7.0604405e-001
7.3816992e-001
7.5068579e-001
7.5540865e-001
7.5720181e-001
7.0306874e-001
6.1380353e-001
4.9063917e-001
5.0800199e-001
5.2025626e-001
5.2528502e-001
5.9285594e-001
5.0848559e-001
3.3252470e-001
0.0000000e+000
0.0000000e+000
0.0000000e+000
3.4646919e-001
3.5471090e-001
3.6838751e-001
4.5695173e-001
5.0777147e-001
4.4683275e-001
3.7378037e-001
0.0000000e+000
0.0000000e+000
0.0000000e+000
0.0000000e+000
0.0000000e+000
3.5384890e-001
4.0671406e-001
4.4555711e-001
4.7375047e-001
4.8453378e-001
4.6264327e-001
4.5365466e-001
4.4689784e-001
4.5348079e-001
4.5627923e-001
4.5713869e-001
4.5580842e-001
4.5035864e-001
4.4176336e-001
4.3360601e-001
4.2574376e-001
4.8882791e-001
5.2120453e-001
5.5580238e-001
5.9016361e-001
6.2495274e-001
6.6232440e-001
6.9475059e-001
7.0266426e-001
7.0005792e-001
6.9149526e-001
6.7150790e-001
6.3849371e-001
5.7160172e-001
5.9142770e-001
6.0791444e-001
6.0839756e-001
5.9146117e-001
5.0789143e-001
3.1488128e-001
0.0000000e+000
0.0000000e+000
0.0000000e+000
0.0000000e+000
0.0000000e+000
0.0000000e+000
3.6671999e-001
4.5295690e-001
4.4445430e-001
3.7163465e-001
0.0000000e+000
0.0000000e+000
0.0000000e+000
0.0000000e+000
0.0000000e+000
3.5387853e-001
4.0581564e-001
4.4391550e-001
4.7113281e-001
4.6402829e-001
4.3863484e-001
4.3076335e-001
4.2465478e-001
4.3545864e-001
4.4129419e-001
4.4446847e-001
4.4490707e-001
4.4122548e-001
4.3379280e-001
4.2574265e-001
4.1801286e-001
4.4570437e-001
4.7770727e-001
5.1248668e-001
5.4697032e-001
5.8198886e-001
6.1945681e-001
6.5225837e-001
6.5441932e-001
6.4265149e-001
6.2114402e-001
5.8613444e-001
5.3406259e-001
4.4038021e-001
4.5587406e-001
4.6875132e-001
6.0013469e-001
5.8854184e-001
5.0562907e-001
3.0720205e-001
0.0000000e+000
0.0000000e+000
0.0000000e+000
0.0000000e+000
0.0000000e+000
0.0000000e+000
3.4992275e-001
4.5201917e-001
4.9656799e-001
4.3872782e-001
3.4899972e-001
0.0000000e+000
0.0000000e+000
0.0000000e+000
0.0000000e+000
3.5296230e-001
4.0416173e-001
4.4129004e-001
4.6705838e-001
4.4021236e-001
4.1024785e-001
4.0377259e-001
3.9847435e-001
4.1479108e-001
4.2442301e-001
4.3049103e-001
4.3337737e-001
4.3166615e-001
4.2627116e-001
4.1820075e-001
4.1044678e-001
4.0358192e-001
4.3589639e-001
4.7012404e-001
5.0476068e-001
5.4006599e-001
5.7765428e-001
6.1092507e-001
6.0433760e-001
5.8111793e-001
5.4498696e-001
4.9042086e-001
4.1452692e-001
2.7724716e-001
2.7914813e-001
2.8467232e-001
4.6924864e-001
5.9269972e-001
5.7958438e-001
4.9983337e-001
2.8459684e-001
0.0000000e+000
0.0000000e+000
0.0000000e+000
0.0000000e+000
0.0000000e+000
3.4284081e-001
4.4923431e-001
5.0348826e-001
4.8764113e-001
4.3255541e-001
3.4178952e-001
0.0000000e+000
0.0000000e+000
0.0000000e+000
3.5089827e-001
4.0102312e-001
4.3748008e-001
4.4320371e-001
4.1201497e-001
3.7615062e-001
3.7142067e-001
3.6737231e-001
3.9058003e-001
4.0495743e-001
4.1487975e-001
4.2082556e-001
4.2157641e-001
4.1872847e-001
4.1063407e-001
4.0308693e-001
3.6271082e-001
3.9541474e-001
4.2973144e-001
4.6455935e-001
4.9944434e-001
5.3718307e-001
5.7026167e-001
5.5351741e-001
5.1520417e-001
4.6001508e-001
3.8100334e-001
2.6247986e-001
0.0000000e+000
0.0000000e+000
0.0000000e+000
2.7617654e-001
4.7176363e-001
5.8837965e-001
5.6611534e-001
4.8863447e-001
3.0017443e-001
3.0479286e-001
3.0941120e-001
3.1493547e-001
3.2479874e-001
4.5119320e-001
5.0544818e-001
5.4558808e-001
5.2110582e-001
4.7624707e-001
4.2329525e-001
3.5000427e-001
3.4987608e-001
3.5304737e-001
4.0279214e-001
4.3943931e-001
4.4743849e-001
4.1485871e-001
3.7772918e-001
3.3444173e-001
3.3213041e-001
3.2988140e-001
3.6170277e-001
3.8224901e-001
3.9698926e-001
4.0675928e-001
4.1082435e-001
4.1110557e-001
4.0349939e-001
3.9598489e-001
3.2340389e-001
3.5581593e-001
3.9024388e-001
4.2453216e-001
4.5967050e-001
4.9759728e-001
5.3043562e-001
5.0021668e-001
4.4381520e-001
3.6480347e-001
2.4893292e-001
0.0000000e+000
0.0000000e+000
0.0000000e+000
0.0000000e+000
2.5853320e-001
4.6401795e-001
5.8728609e-001
6.2025599e-001
5.5769753e-001
4.8374610e-001
4.7704939e-001
4.7073830e-001
4.6408640e-001
4.5630118e-001
5.0878600e-001
5.4892689e-001
5.2931728e-001
5.2103129e-001
5.1054448e-001
4.6827029e-001
4.1854830e-001
4.1339907e-001
4.0628323e-001
4.4281511e-001
4.5348484e-001
4.1972954e-001
3.8136768e-001
3.3677681e-001
0.0000000e+000
0.0000000e+000
0.0000000e+000
3.2651886e-001
3.5501311e-001
3.7601282e-001
3.9056301e-001
3.9900768e-001
4.0272822e-001
3.9579208e-001
3.8873124e-001
2.8527345e-001
3.1732062e-001
3.5110894e-001
3.8472264e-001
4.2017768e-001
4.5756078e-001
4.9009881e-001
4.7824357e-001
4.2657330e-001
3.5269680e-001
2.3581872e-001
0.0000000e+000
0.0000000e+000
0.0000000e+000
0.0000000e+000
2.4994805e-001
4.5004231e-001
5.7932607e-001
6.1442762e-001
5.5203619e-001
4.7853062e-001
4.7263048e-001
4.6518268e-001
5.1840923e-001
5.1516059e-001
5.5336782e-001
5.3108686e-001
4.8477209e-001
4.7801461e-001
4.7074104e-001
5.0035007e-001
4.6370915e-001
4.5633063e-001
4.4719248e-001
4.5804316e-001
4.2368782e-001
3.8410210e-001
3.3798141e-001
0.0000000e+000
0.0000000e+000
0.0000000e+000
0.0000000e+000
0.0000000e+000
3.2259456e-001
3.5165568e-001
3.7265501e-001
3.8657405e-001
3.9482734e-001
3.8929544e-001
3.8223859e-001
2.4783490e-001
2.7942594e-001
3.1241470e-001
3.4596395e-001
3.8103612e-001
4.1773962e-001
4.5068099e-001
4.5459086e-001
4.0801064e-001
3.3971796e-001
2.2542196e-001
0.0000000e+000
0.0000000e+000
0.0000000e+000
0.0000000e+000
2.4226873e-001
4.3432226e-001
5.5857047e-001
5.5566382e-001
4.6762317e-001
2.7532489e-001
2.7632003e-001
2.8546750e-001
4.5540089e-001
5.0892612e-001
5.3427255e-001
4.8654094e-001
4.3070862e-001
4.2586326e-001
4.2037517e-001
4.6051404e-001
4.5272653e-001
4.7691384e-001
4.7861705e-001
4.5500965e-001
4.2151939e-001
3.8301533e-001
3.3801007e-001
0.0000000e+000
0.0000000e+000
0.0000000e+000
0.0000000e+000
0.0000000e+000
3.2262192e-001
3.5075531e-001
3.7063252e-001
3.8365130e-001
3.9050727e-001
3.8280549e-001
3.7574661e-001
2.1126115e-001
2.4228208e-001
2.7505016e-001
3.0774008e-001
3.4233365e-001
3.7896638e-001
4.1163320e-001
4.2882994e-001
3.8603395e-001
3.2325033e-001
2.1683680e-001
0.0000000e+000
0.0000000e+000
0.0000000e+000
2.1991150e-001
4.0936524e-001
5.2361735e-001
5.3057593e-001
4.4279853e-001
2.5693431e-001
0.0000000e+000
0.0000000e+000
0.0000000e+000
2.8462763e-001
4.5013243e-001
4.8987415e-001
4.3266608e-001
3.0364182e-001
3.0616325e-001
3.1133429e-001
4.1281157e-001
4.0668077e-001
4.4098930e-001
4.6322338e-001
4.5107769e-001
4.1822832e-001
3.8052529e-001
3.3503862e-001
0.0000000e+000
0.0000000e+000
0.0000000e+000
0.0000000e+000
0.0000000e+000
3.0993344e-001
3.4890902e-001
3.6785638e-001
3.8013112e-001
3.8401657e-001
3.7631366e-001
3.6925541e-001
1.7654718e-001
2.0607671e-001
2.3856893e-001
2.7018469e-001
3.0418002e-001
3.4072432e-001
3.7304793e-001
4.0157382e-001
3.6218828e-001
3.0366772e-001
2.1278078e-001
0.0000000e+000
0.0000000e+000
0.0000000e+000
2.2038461e-001
3.8542167e-001
4.9503691e-001
4.0955356e-001
2.4282496e-001
0.0000000e+000
0.0000000e+000
0.0000000e+000
0.0000000e+000
2.6959684e-001
4.4926738e-001
4.3649231e-001
2.8697277e-001
0.0000000e+000
0.0000000e+000
0.0000000e+000
3.0183550e-001
3.0965615e-001
3.9793997e-001
4.2957374e-001
4.5084085e-001
4.3862716e-001
4.0860270e-001
3.7395679e-001
3.0781396e-001
0.0000000e+000
0.0000000e+000
0.0000000e+000
0.0000000e+000
3.0765360e-001
3.4577662e-001
3.6405268e-001
3.7559950e-001
3.7767646e-001
3.7001211e-001
3.6300217e-001
1.4337922e-001
1.7182324e-001
2.0319186e-001
2.3424368e-001
2.6749121e-001
3.0314621e-001
3.3504082e-001
3.6843696e-001
3.9947442e-001
3.6127860e-001
3.0350843e-001
2.0428500e-001
2.0346845e-001
2.1261601e-001
3.5012963e-001
4.4870081e-001
3.9207407e-001
2.3209094e-001
0.0000000e+000
0.0000000e+000
0.0000000e+000
0.0000000e+000
0.0000000e+000
2.5986529e-001
4.4768772e-001
4.3585965e-001
2.7282521e-001
0.0000000e+000
0.0000000e+000
0.0000000e+000
0.0000000e+000
0.0000000e+000
3.0369021e-001
3.8984487e-001
4.2027018e-001
4.4129695e-001
4.2786704e-001
3.9966525e-001
3.6753472e-001
2.9878908e-001
2.7925169e-001
2.7658807e-001
2.8884883e-001
3.4691399e-001
3.6518764e-001
3.7736867e-001
3.8022841e-001
3.7122703e-001
3.6357029e-001
3.5680938e-001
1.1214371e-001
1.3923086e-001
1.6919501e-001
1.9954190e-001
2.3185468e-001
2.6639804e-001
2.9775639e-001
3.3099169e-001
3.6317176e-001
3.9065770e-001
3.6001632e-001
3.0290844e-001
3.2052048e-001
3.3202715e-001
4.1490395e-001
4.5943242e-001
3.7610485e-001
2.2260002e-001
0.0000000e+000
0.0000000e+000
0.0000000e+000
0.0000000e+000
0.0000000e+000
2.5013366e-001
4.4553772e-001
4.3356254e-001
2.6397681e-001
0.0000000e+000
0.0000000e+000
0.0000000e+000
0.0000000e+000
0.0000000e+000
0.0000000e+000
2.9736331e-001
3.8320221e-001
4.1309018e-001
4.3411550e-001
4.1788127e-001
3.9193474e-001
3.6417186e-001
3.6122067e-001
3.5634072e-001
3.5001975e-001
3.6685776e-001
3.7751533e-001
3.7794379e-001
3.7391215e-001
3.6497172e-001
3.5737682e-001
3.5069214e-001
8.3323830e-002
1.0871486e-001
1.3692340e-001
1.6638914e-001
1.9753348e-001
2.3146606e-001
2.6215408e-001
2.9440956e-001
3.2612474e-001
3.5123554e-001
3.5754942e-001
3.5355817e-001
3.3422648e-001
3.5298092e-001
3.7111237e-001
3.9636364e-001
3.5864042e-001
2.1582656e-001
0.0000000e+000
0.0000000e+000
0.0000000e+000
0.0000000e+000
2.3014835e-001
4.2628715e-001
4.9985524e-001
4.8212578e-001
4.2734265e-001
2.4310820e-001
0.0000000e+000
0.0000000e+000
0.0000000e+000
0.0000000e+000
0.0000000e+000
0.0000000e+000
2.9155862e-001
3.7921403e-001
4.0910061e-001
3.9250278e-001
3.6183398e-001
3.5846048e-001
3.5456306e-001
3.4903758e-001
3.4336158e-001
3.5623752e-001
3.6304828e-001
3.6639418e-001
3.6495811e-001
3.5877704e-001
3.5125915e-001
3.4466938e-001
5.7523430e-002
8.0794330e-002
1.0680839e-001
1.3439393e-001
1.6485646e-001
1.9724678e-001
2.2787568e-001
2.5968510e-001
2.9081919e-001
3.1296104e-001
3.1160677e-001
2.9810780e-001
2.6465455e-001
2.7803021e-001
2.9140586e-001
3.0982958e-001
3.9551445e-001
3.4667342e-001
1.9231559e-001
0.0000000e+000
0.0000000e+000
0.0000000e+000
2.2571595e-001
4.1477611e-001
4.9528949e-001
5.1672094e-001
4.7268448e-001
4.1735078e-001
2.2665566e-001
2.1551866e-001
0.0000000e+000
0.0000000e+000
0.0000000e+000
0.0000000e+000
2.7652776e-001
3.7796963e-001
3.9434922e-001
3.6240299e-001
2.8443674e-001
2.7506614e-001
2.6657876e-001
2.7086665e-001
2.7603769e-001
3.3549881e-001
3.4681989e-001
3.5381367e-001
3.5561933e-001
3.5246481e-001
3.4523336e-001
3.3876470e-001
3.5497390e-002
5.6118150e-002
7.9389070e-002
1.0540311e-001
1.3423464e-001
1.6469719e-001
1.9525213e-001
2.2650402e-001
2.5769045e-001
2.7612116e-001
2.6518168e-001
2.3979807e-001
1.8180947e-001
1.8642789e-001
1.9104632e-001
1.9576029e-001
3.0970392e-001
3.9476579e-001
3.4717076e-001
2.0608149e-001
2.0888823e-001
2.1756612e-001
3.9481722e-001
4.9682290e-001
5.3634089e-001
5.4046468e-001
5.0469888e-001
4.6335026e-001
3.9654322e-001
2.2121191e-001
0.0000000e+000
0.0000000e+000
0.0000000e+000
0.0000000e+000
2.6591298e-001
3.7616229e-001
3.6542166e-001
2.8054294e-001
0.0000000e+000
0.0000000e+000
0.0000000e+000
0.0000000e+000
0.0000000e+000
2.6620457e-001
3.2839367e-001
3.3971038e-001
3.4556774e-001
3.4557104e-001
3.3895054e-001
3.3324479e-001
1.8968080e-002
3.6120390e-002
5.7239540e-002
8.0909180e-002
1.0724219e-001
1.3632891e-001
1.6578320e-001
1.9615457e-001
2.2725958e-001
2.4029577e-001
2.1659604e-001
1.6523057e-001
0.0000000e+000
0.0000000e+000
0.0000000e+000
0.0000000e+000
1.8454699e-001
3.1371410e-001
3.9847126e-001
3.5519660e-001
3.6832305e-001
3.7733773e-001
4.7597888e-001
5.3910198e-001
5.6731102e-001
5.5535596e-001
5.2541066e-001
4.9133774e-001
4.5131967e-001
4.0299151e-001
2.2766020e-001
0.0000000e+000
0.0000000e+000
0.0000000e+000
2.5343751e-001
3.7454664e-001
3.6425812e-001
2.6250317e-001
0.0000000e+000
0.0000000e+000
0.0000000e+000
0.0000000e+000
0.0000000e+000
0.0000000e+000
2.4418608e-001
3.2465505e-001
3.3533990e-001
3.3947491e-001
3.3343065e-001
3.2868224e-001
6.7743200e-003
1.9591080e-002
3.6618780e-002
5.7638260e-002
8.2474140e-002
1.0974016e-001
1.3836090e-001
1.6806540e-001
1.9801394e-001
2.0242442e-001
1.5046328e-001
0.0000000e+000
0.0000000e+000
0.0000000e+000
0.0000000e+000
0.0000000e+000
0.0000000e+000
1.7992230e-001
3.1551899e-001
3.9994880e-001
4.4775397e-001
4.6115065e-001
5.3500891e-001
5.7067485e-001
5.8525927e-001
5.6135111e-001
5.3571201e-001
5.0702455e-001
4.7452743e-001
4.3726852e-001
3.9405753e-001
2.3446951e-001
2.3303221e-001
2.4102892e-001
3.7594062e-001
3.9393117e-001
3.6196660e-001
2.5382714e-001
0.0000000e+000
0.0000000e+000
0.0000000e+000
0.0000000e+000
0.0000000e+000
0.0000000e+000
2.2678072e-001
3.2211948e-001
3.3162611e-001
3.3410627e-001
3.2905762e-001
3.2531655e-001
0.0000000e+000
7.3973200e-003
2.0712470e-002
3.8761890e-002
6.0598740e-002
8.5465530e-002
1.1216687e-001
1.4033587e-001
1.6967900e-001
1.9434243e-001
1.3487943e-001
0.0000000e+000
0.0000000e+000
0.0000000e+000
0.0000000e+000
0.0000000e+000
0.0000000e+000
1.6886759e-001
3.0432203e-001
3.8297093e-001
4.5207497e-001
5.1416611e-001
5.7002397e-001
5.9386991e-001
5.8556064e-001
5.6453848e-001
5.4274454e-001
5.1862664e-001
4.9184150e-001
4.6195960e-001
4.2773290e-001
3.8854930e-001
3.8366027e-001
3.7783216e-001
4.0574054e-001
3.8890377e-001
3.5825632e-001
2.4494998e-001
0.0000000e+000
0.0000000e+000
0.0000000e+000
0.0000000e+000
0.0000000e+000
0.0000000e+000
2.1790355e-001
3.1879207e-001
3.2709414e-001
3.2973406e-001
3.2569222e-001
3.2344696e-001