5.1019110e-002
5.3578760e-002
5.8188270e-002
6.4436950e-002
7.1996810e-002
8.0605620e-002
8.9040260e-002
9.7335600e-002
1.0551952e-001
1.0826704e-001
5.5730780e-002
0.0000000e+000
0.0000000e+000
0.0000000e+000
0.0000000e+000
0.0000000e+000
0.0000000e+000
5.6985990e-002
1.0966723e-001
1.5714950e-001
1.9871746e-001
2.3379884e-001
2.5376406e-001
2.5557858e-001
2.4093486e-001
2.2552773e-001
2.0818777e-001
1.9157006e-001
1.7487658e-001
1.5710988e-001
1.3995873e-001
1.2161992e-001
1.1590319e-001
1.1410063e-001
1.1535168e-001
1.0130459e-001
8.7824380e-002
6.7710320e-002
0.0000000e+000
0.0000000e+000
0.0000000e+000
0.0000000e+000
0.0000000e+000
0.0000000e+000
2.3709250e-002
1.7009220e-002
1.0462090e-002
5.0870000e-003
1.8167900e-003
0.0000000e+000
5.2556980e-002
5.6347770e-002
6.0918420e-002
6.7135950e-002
7.5694110e-002
8.5101570e-002
9.4175140e-002
1.0298164e-001
1.1055142e-001
1.2019125e-001
7.4106440e-002
0.0000000e+000
0.0000000e+000
0.0000000e+000
0.0000000e+000
0.0000000e+000
0.0000000e+000
6.6585880e-002
1.2343674e-001
1.7074441e-001
1.8591190e-001
1.9942633e-001
2.3622441e-001
2.5435325e-001
2.4449413e-001
2.2710637e-001
2.0826918e-001
1.8880136e-001
1.6854527e-001
1.4730384e-001
1.2438054e-001
6.6969970e-002
6.3135370e-002
6.8076510e-002
1.1391688e-001
1.0986981e-001
9.4681960e-002
7.2044770e-002
0.0000000e+000
0.0000000e+000
0.0000000e+000
0.0000000e+000
0.0000000e+000
0.0000000e+000
3.1319430e-002
2.4785070e-002
1.6951200e-002
1.0287640e-002
5.5988000e-003
2.0864800e-003
5.5325400e-002
6.0100160e-002
6.6481120e-002
7.3123740e-002
8.0998590e-002
9.0882310e-002
9.9313620e-002
1.0760610e-001
1.1578751e-001
1.2591676e-001
1.3657988e-001
8.2023030e-002
0.0000000e+000
0.0000000e+000
0.0000000e+000
0.0000000e+000
7.2603640e-002
1.3120965e-001
1.7500702e-001
1.3489310e-001
1.3572448e-001
1.4813984e-001
2.0383262e-001
2.3555422e-001
2.4840675e-001
2.2814818e-001
2.0670098e-001
1.8397067e-001
1.5940678e-001
1.2554803e-001
6.7618570e-002
0.0000000e+000
0.0000000e+000
0.0000000e+000
7.4436770e-002
1.1705559e-001
1.0471111e-001
7.6974190e-002
0.0000000e+000
0.0000000e+000
0.0000000e+000
0.0000000e+000
0.0000000e+000
0.0000000e+000
4.0425030e-002
3.3846140e-002
2.4727040e-002
1.6776790e-002
1.1206530e-002
5.8420100e-003
5.9078040e-002
6.4640780e-002
7.0628910e-002
7.7980330e-002
8.7445430e-002
9.7578470e-002
1.0620958e-001
1.1466190e-001
1.2194828e-001
1.3033677e-001
1.4063155e-001
1.4939077e-001
9.3449950e-002
9.3521780e-002
9.3593630e-002
9.0907470e-002
1.4730708e-001
1.9075341e-001
1.3202015e-001
7.5398470e-002
7.1960000e-002
8.0807600e-002
1.4903583e-001
2.0544541e-001
2.3474353e-001
2.2418898e-001
1.9888156e-001
1.7132596e-001
1.2671549e-001
6.8267170e-002
0.0000000e+000
0.0000000e+000
0.0000000e+000
0.0000000e+000
8.2876490e-002
1.2841609e-001
1.1913994e-001
9.0679340e-002
0.0000000e+000
0.0000000e+000
0.0000000e+000
0.0000000e+000
0.0000000e+000
6.0876040e-002
5.1061750e-002
4.3730690e-002
3.3532190e-002
2.4552590e-002
1.7365670e-002
1.0932910e-002
6.5445100e-002
7.1433710e-002
7.8783860e-002
8.6204490e-002
9.5343890e-002
1.0623505e-001
1.1545586e-001
1.2376597e-001
1.3012009e-001
1.3921821e-001
1.4905764e-001
1.5847605e-001
1.6335778e-001
1.6942484e-001
1.7520375e-001
1.7031799e-001
2.0611296e-001
1.4214317e-001
6.6479020e-002
0.0000000e+000
0.0000000e+000
0.0000000e+000
8.1546240e-002
1.5111769e-001
2.0860183e-001
2.1722336e-001
1.8728673e-001
1.3842718e-001
7.3520880e-002
6.3920960e-002
0.0000000e+000
0.0000000e+000
0.0000000e+000
0.0000000e+000
9.1316190e-002
1.3899379e-001
1.4484649e-001
1.2288425e-001
9.8294920e-002
9.2205300e-002
8.7870860e-002
8.4408150e-002
8.0589660e-002
7.1567960e-002
6.1899690e-002
5.3137790e-002
4.2421030e-002
3.2569330e-002
2.4379430e-002
1.7092050e-002
7.2881600e-002
7.9210730e-002
8.7649910e-002
9.6149330e-002
1.0499827e-001
1.1630322e-001
1.2519633e-001
1.3339233e-001
1.4002270e-001
1.4986211e-001
1.6029429e-001
1.6937626e-001
1.7585236e-001
1.8429978e-001
1.9149355e-001
2.1030639e-001
1.6471664e-001
8.8623910e-002
0.0000000e+000
0.0000000e+000
0.0000000e+000
0.0000000e+000
7.7699900e-002
1.5121487e-001
2.1185384e-001
2.0378336e-001
1.5545314e-001
8.1029590e-002
0.0000000e+000
0.0000000e+000
0.0000000e+000
0.0000000e+000
0.0000000e+000
0.0000000e+000
1.0853166e-001
1.5191995e-001
1.6392857e-001
1.4923775e-001
1.2682342e-001
1.1868230e-001
1.1243573e-001
1.0652452e-001
9.4983860e-002
8.3175000e-002
7.3623610e-002
6.4797290e-002
5.3326870e-002
4.2420110e-002
3.3234540e-002
2.5318210e-002
8.1173560e-002
8.7775050e-002
9.7080790e-002
1.0542482e-001
1.1506425e-001
1.2567460e-001
1.3533148e-001
1.4445902e-001
1.5131054e-001
1.6174282e-001
1.7367207e-001
1.8350717e-001
1.7384907e-001
1.7924384e-001
2.1198216e-001
2.3266251e-001
1.6902619e-001
9.0043010e-002
0.0000000e+000
0.0000000e+000
0.0000000e+000
0.0000000e+000
0.0000000e+000
9.2229210e-002
1.6959473e-001
1.7724474e-001
9.7314060e-002
0.0000000e+000
0.0000000e+000
0.0000000e+000
0.0000000e+000
0.0000000e+000
0.0000000e+000
1.1438033e-001
1.5984165e-001
1.8365096e-001
1.7762671e-001
1.6445890e-001
1.5318583e-001
1.3514621e-001
1.2647232e-001
1.1868798e-001
1.0720835e-001
9.5514180e-002
8.6056310e-002
7.7178440e-002
6.5350340e-002
5.3325950e-002
4.3343830e-002
3.4924370e-002
9.0149840e-002
9.6969260e-002
1.0688327e-001
1.1518793e-001
1.2545895e-001
1.3735898e-001
1.4680542e-001
1.5565502e-001
1.6268345e-001
1.7461278e-001
1.8875720e-001
9.9054530e-002
8.8595460e-002
9.7443060e-002
1.7455591e-001
2.4149408e-001
1.7754810e-001
9.6727570e-002
0.0000000e+000
0.0000000e+000
0.0000000e+000
0.0000000e+000
0.0000000e+000
9.8913760e-002
1.8338209e-001
1.8962797e-001
1.0224346e-001
0.0000000e+000
0.0000000e+000
0.0000000e+000
0.0000000e+000
0.0000000e+000
1.2079423e-001
1.7270272e-001
1.9791002e-001
2.0386780e-001
1.9189467e-001
1.7455516e-001
1.4288416e-001
1.0172808e-001
8.8617870e-002
8.4783260e-002
9.3234720e-002
1.0792722e-001
9.9055970e-002
9.0392830e-002
7.7775500e-002
6.5075850e-002
5.4456550e-002
4.5634530e-002
9.9673590e-002
1.0666710e-001
1.1698652e-001
1.2534108e-001
1.3602433e-001
1.4815166e-001
1.5832732e-001
1.6695450e-001
1.7514745e-001
1.8827335e-001
1.1268784e-001
0.0000000e+000
0.0000000e+000
0.0000000e+000
9.1913390e-002
1.7504401e-001
2.4162035e-001
1.7903903e-001
9.7058330e-002
0.0000000e+000
0.0000000e+000
0.0000000e+000
0.0000000e+000
1.0559833e-001
2.0243490e-001
2.0658475e-001
1.1770378e-001
0.0000000e+000
0.0000000e+000
0.0000000e+000
1.1875667e-001
1.2720813e-001
1.8411854e-001
2.1532384e-001
2.2994125e-001
2.1874282e-001
1.9120578e-001
1.5381266e-001
1.0337637e-001
0.0000000e+000
0.0000000e+000
0.0000000e+000
0.0000000e+000
1.0486043e-001
1.1250922e-001
1.0427376e-001
9.0467240e-002
7.7501010e-002
6.6645520e-002
5.7227890e-002
1.0963531e-001
1.1779107e-001
1.2758447e-001
1.3682892e-001
1.4793679e-001
1.6002550e-001
1.6988751e-001
1.7833677e-001
1.8746127e-001
2.0211115e-001
1.0884150e-001
0.0000000e+000
0.0000000e+000
0.0000000e+000
7.9291280e-002
1.6109999e-001
2.3363939e-001
2.4981763e-001
1.8489985e-001
1.0381473e-001
0.0000000e+000
0.0000000e+000
0.0000000e+000
1.2281380e-001
2.2235513e-001
2.6143537e-001
2.1032906e-001
1.3108464e-001
1.2900518e-001
1.3219119e-001
1.9530159e-001
1.9475154e-001
2.3001580e-001
2.4879746e-001
2.3927567e-001
2.1301354e-001
1.7118759e-001
1.2257617e-001
0.0000000e+000
0.0000000e+000
0.0000000e+000
0.0000000e+000
0.0000000e+000
1.0452439e-001
1.2632541e-001
1.1837576e-001
1.0413835e-001
9.0466370e-002
7.9421930e-002
6.9527790e-002
1.2097048e-001
1.2903297e-001
1.3840558e-001
1.4836188e-001
1.5980950e-001
1.7186738e-001
1.8147835e-001
1.8978530e-001
2.0067759e-001
2.0922895e-001
1.1377090e-001
0.0000000e+000
0.0000000e+000
0.0000000e+000
0.0000000e+000
9.9086060e-002
1.8544734e-001
2.6162882e-001
2.6477297e-001
2.0173187e-001
1.1875192e-001
1.1180316e-001
1.2065076e-001
2.2698338e-001
2.7946277e-001
3.0997459e-001
2.6739228e-001
2.1832134e-001
2.1244806e-001
2.0923640e-001
2.4623269e-001
2.4331255e-001
2.6450177e-001
2.6325667e-001
2.4671698e-001
2.2387985e-001
1.7894706e-001
1.2750559e-001
0.0000000e+000
0.0000000e+000
0.0000000e+000
0.0000000e+000
0.0000000e+000
1.1275386e-001
1.4094369e-001
1.3239556e-001
1.1788162e-001
1.0386386e-001
9.2668310e-002
8.2666520e-002
1.3238133e-001
1.4036919e-001
1.5042819e-001
1.5993092e-001
1.7165043e-001
1.8470718e-001
1.9309369e-001
2.0230989e-001
2.1359192e-001
2.1079380e-001
1.2221062e-001
0.0000000e+000
0.0000000e+000
0.0000000e+000
0.0000000e+000
1.0226031e-001
1.9467130e-001
2.7569257e-001
3.2536668e-001
2.8499498e-001
2.1868287e-001
2.1670600e-001
2.2912138e-001
2.8779360e-001
3.0298979e-001
3.4787690e-001
3.1770161e-001
2.7674758e-001
2.6956883e-001
2.6451940e-001
2.9007065e-001
2.6512710e-001
2.6051605e-001
2.5744561e-001
2.4931177e-001
2.3080990e-001
1.9249952e-001
1.3797689e-001
0.0000000e+000
0.0000000e+000
0.0000000e+000
0.0000000e+000
0.0000000e+000
1.2289243e-001
1.5645956e-001
1.4663665e-001
1.3190143e-001
1.1760708e-001
1.0629060e-001
9.6202770e-002
1.4385273e-001
1.5178087e-001
1.6238902e-001
1.7255209e-001
1.8346581e-001
1.9649986e-001
2.0575174e-001
2.1467230e-001
2.2294483e-001
2.1071744e-001
1.3591577e-001
0.0000000e+000
0.0000000e+000
0.0000000e+000
0.0000000e+000
1.0718972e-001
2.0880970e-001
2.9368784e-001
3.3819205e-001
3.1170091e-001
2.3403874e-001
2.3943352e-001
2.4131798e-001
2.4322398e-001
2.4594052e-001
3.0611338e-001
3.5051987e-001
3.2133062e-001
3.1501062e-001
3.0748751e-001
2.7070029e-001
2.1717485e-001
2.1255409e-001
2.1607479e-001
2.5418436e-001
2.4838243e-001
2.2861492e-001
1.9546098e-001
1.3858986e-001
0.0000000e+000
0.0000000e+000
0.0000000e+000
1.2748516e-001
1.6594661e-001
1.7145680e-001
1.5849046e-001
1.4445268e-001
1.3068811e-001
1.1927491e-001
1.0911818e-001
1.5639563e-001
1.6427599e-001
1.7430036e-001
1.8499175e-001
1.9526081e-001
2.0725759e-001
2.1719780e-001
2.2690490e-001
2.3507044e-001
2.2887246e-001
2.1664402e-001
1.3875400e-001
0.0000000e+000
0.0000000e+000
0.0000000e+000
1.2967063e-001
2.4049961e-001
3.0055897e-001
3.1850715e-001
2.2895252e-001
1.3178500e-001
1.3185683e-001
1.3192868e-001
1.3375568e-001
1.4435843e-001
2.5062976e-001
3.1282625e-001
3.4773822e-001
3.3176855e-001
2.8167143e-001
2.2196521e-001
1.4423961e-001
1.3689472e-001
1.5236678e-001
2.1903624e-001
2.5096645e-001
2.4129398e-001
2.2383606e-001
1.9891282e-001
1.4389983e-001
1.3907122e-001
1.3677485e-001
1.7812766e-001
1.9153862e-001
1.8138281e-001
1.7045397e-001
1.5679899e-001
1.4351298e-001
1.3202236e-001
1.2181058e-001
1.7081881e-001
1.7763786e-001
1.8719520e-001
1.9728619e-001
2.0806233e-001
2.2022062e-001
2.2972039e-001
2.3903369e-001
2.4813674e-001
2.4676213e-001
2.4158639e-001
2.3327649e-001
1.4667059e-001
1.4147697e-001
1.4330397e-001
2.5237778e-001
2.9288254e-001
3.1692668e-001
2.3556524e-001
1.1935525e-001
0.0000000e+000
0.0000000e+000
0.0000000e+000
0.0000000e+000
0.0000000e+000
1.5989058e-001
2.5937797e-001
3.1937712e-001
2.9813364e-001
2.3264084e-001
1.4197288e-001
0.0000000e+000
0.0000000e+000
0.0000000e+000
1.5782780e-001
2.2561943e-001
2.4872424e-001
2.3877127e-001
2.2348501e-001
2.0499124e-001
1.9899645e-001
1.9486301e-001
2.0348616e-001
1.9883249e-001
1.9012689e-001
1.8116703e-001
1.7045234e-001
1.5679807e-001
1.4524556e-001
1.3498971e-001
1.8674618e-001
1.9271620e-001
2.0292299e-001
2.1253362e-001
2.2269236e-001
2.3497997e-001
2.4310423e-001
2.5312555e-001
2.6195546e-001
2.6341637e-001
2.6388281e-001
2.6184159e-001
2.3963527e-001
2.4774041e-001
2.5155195e-001
2.8776644e-001
3.1465277e-001
2.6200004e-001
1.3974499e-001
0.0000000e+000
0.0000000e+000
0.0000000e+000
0.0000000e+000
0.0000000e+000
0.0000000e+000
1.6130969e-001
2.6588493e-001
3.1856810e-001
2.4828181e-001
1.5073689e-001
0.0000000e+000
0.0000000e+000
0.0000000e+000
0.0000000e+000
1.5935520e-001
2.3071728e-001
2.5787727e-001
2.5240483e-001
2.3759947e-001
2.2226571e-001
2.1905665e-001
2.1133513e-001
2.1340049e-001
2.0813966e-001
1.9963739e-001
1.9093155e-001
1.8467453e-001
1.7072499e-001
1.5939656e-001
1.4910542e-001
2.0387692e-001
2.1019076e-001
2.1989404e-001
2.2912039e-001
2.3878520e-001
2.5117625e-001
2.5820012e-001
2.6674171e-001
2.7535295e-001
2.8112819e-001
2.8508529e-001
2.8805826e-001
2.7388692e-001
2.8294166e-001
2.8651544e-001
3.0613444e-001
3.1901833e-001
2.7473430e-001
1.4291925e-001
0.0000000e+000
0.0000000e+000
0.0000000e+000
0.0000000e+000
0.0000000e+000
0.0000000e+000
1.8203546e-001
2.8006363e-001
2.6630801e-001
1.7053165e-001
0.0000000e+000
0.0000000e+000
0.0000000e+000
0.0000000e+000
0.0000000e+000
1.6557961e-001
2.4052134e-001
2.6064722e-001
2.6446975e-001
2.5103169e-001
2.3740499e-001
2.3332147e-001
2.2560628e-001
2.2367467e-001
2.1792810e-001
2.1061147e-001
2.0210894e-001
1.9766633e-001
1.8516539e-001
1.7401621e-001
1.6397045e-001
2.2197034e-001
2.2855924e-001
2.3785971e-001
2.4677863e-001
2.5707135e-001
2.6852206e-001
2.7466564e-001
2.8202346e-001
2.9045939e-001
2.9968526e-001
3.0643468e-001
2.9560047e-001
2.6450496e-001
2.7567803e-001
2.7846375e-001
2.7286276e-001
3.1104788e-001
2.7800013e-001
1.6540016e-001
0.0000000e+000
0.0000000e+000
0.0000000e+000
1.5691176e-001
1.6400421e-001
1.8162758e-001
2.8798533e-001
3.2852846e-001
2.7453717e-001
1.7019561e-001
0.0000000e+000
0.0000000e+000
0.0000000e+000
0.0000000e+000
0.0000000e+000
1.7571821e-001
2.3696478e-001
2.5810073e-001
2.7246976e-001
2.6427609e-001
2.5185854e-001
2.4707600e-001
2.3936586e-001
2.3525974e-001
2.2912457e-001
2.2275646e-001
2.1543968e-001
2.1139274e-001
2.0029010e-001
1.8928432e-001
1.7943491e-001
2.4185697e-001
2.4866591e-001
2.5764412e-001
2.6529403e-001
2.7506601e-001
2.8678752e-001
2.9222685e-001
2.9863763e-001
3.0693220e-001
3.1358382e-001
2.9553503e-001
2.6632198e-001
1.5936762e-001
1.4539825e-001
1.4722524e-001
1.6484860e-001
2.7675253e-001
3.2009536e-001
2.7984567e-001
1.7742202e-001
1.7398355e-001
1.7581055e-001
2.8978716e-001
2.9203401e-001
2.9205955e-001
3.3547728e-001
3.2752057e-001
2.8268222e-001
1.9056061e-001
0.0000000e+000
0.0000000e+000
0.0000000e+000
0.0000000e+000
1.7817394e-001
2.4082330e-001
2.6195930e-001
2.7632879e-001
2.8528492e-001
2.7721418e-001
2.6474092e-001
2.6042226e-001
2.5271617e-001
2.4789348e-001
2.4247050e-001
2.3686122e-001
2.2947000e-001
2.2676264e-001
2.1596231e-001
2.0507128e-001
1.9537891e-001
2.6215512e-001
2.6914007e-001
2.7786046e-001
2.8551821e-001
2.9385053e-001
3.0578867e-001
3.1066458e-001
3.1631773e-001
3.1336662e-001
2.9429567e-001
2.6469580e-001
1.6422519e-001
0.0000000e+000
0.0000000e+000
0.0000000e+000
0.0000000e+000
1.6984984e-001
2.8641327e-001
3.2441509e-001
2.8521179e-001
2.9147642e-001
2.9323975e-001
3.4029531e-001
3.4497775e-001
3.3938172e-001
3.7361733e-001
3.6160393e-001
3.2491580e-001
2.7967008e-001
1.9430492e-001
1.8947632e-001
1.8856185e-001
1.8921309e-001
2.5638028e-001
2.7095085e-001
2.8429752e-001
2.9427706e-001
2.9890302e-001
2.9093034e-001
2.7943566e-001
2.7548797e-001
2.6778514e-001
2.6341227e-001
2.5753598e-001
2.5253375e-001
2.4610609e-001
2.4344733e-001
2.3234615e-001
2.2154683e-001
2.1198014e-001
2.8278245e-001
2.8990820e-001
2.9842234e-001
3.0608635e-001
3.1428997e-001
3.2640140e-001
3.2980348e-001
3.3485052e-001
3.2849101e-001
3.0643581e-001
2.7566436e-001
1.5862368e-001
0.0000000e+000
0.0000000e+000
0.0000000e+000
0.0000000e+000
1.6424834e-001
2.9942992e-001
3.4344823e-001
3.3259964e-001
3.3813679e-001
3.4007234e-001
3.7703908e-001
3.8148833e-001
3.7753599e-001
4.0544903e-001
3.9173694e-001
3.5965375e-001
3.2272197e-001
2.7845169e-001
2.7735911e-001
2.7217503e-001
2.6330831e-001
2.9032428e-001
2.9739560e-001
3.0553381e-001
3.1097833e-001
3.1316324e-001
3.0526893e-001
2.9558010e-001
2.9295223e-001
2.8525206e-001
2.8021592e-001
2.7500007e-001
2.7048347e-001
2.6482675e-001
2.6220687e-001
2.4902562e-001
2.3822976e-001
2.2616024e-001
3.0469621e-001
3.1193458e-001
3.1926063e-001
3.2795269e-001
3.3605331e-001
3.4728032e-001
3.4950326e-001
3.5406546e-001
3.4043459e-001
3.1587777e-001
2.8070097e-001
1.7232885e-001
0.0000000e+000
0.0000000e+000
0.0000000e+000
0.0000000e+000
1.7619836e-001
3.0323742e-001
3.4986021e-001
3.7182836e-001
3.7576160e-001
3.7783445e-001
4.0793251e-001
4.1201644e-001
4.0835609e-001
4.3223404e-001
4.1581901e-001
3.8810753e-001
3.5664056e-001
3.2048066e-001
3.1809018e-001
3.1345002e-001
3.0381761e-001
3.2084521e-001
3.2294020e-001
3.2588856e-001
3.2872808e-001
3.2896013e-001
3.2215153e-001
3.1390713e-001
3.1131207e-001
3.0463711e-001
2.9907034e-001
2.9438284e-001
2.9025473e-001
2.8521496e-001
2.7745190e-001
2.6314627e-001
2.5166346e-001
2.3967922e-001
3.2763911e-001
3.3496753e-001
3.4236615e-001
3.5085754e-001
3.5887568e-001
3.6837209e-001
3.6965152e-001
3.7382585e-001
3.6446873e-001
3.4943035e-001
3.2589627e-001
2.8867314e-001
1.7265961e-001
0.0000000e+000
0.0000000e+000
0.0000000e+000
1.8990353e-001
3.0111293e-001
3.4948224e-001
3.8665606e-001
4.0820412e-001
4.0936385e-001
4.3396694e-001
4.3775856e-001
4.3535475e-001
4.5600474e-001
4.3893169e-001
4.1534563e-001
3.8775783e-001
3.5644657e-001
3.5301766e-001
3.4778958e-001
3.3754463e-001
3.4862767e-001
3.4674161e-001
3.4553804e-001
3.4731653e-001
3.4598630e-001
3.4004605e-001
3.3397927e-001
3.3243373e-001
3.2555582e-001
3.2058761e-001
3.1632283e-001
3.1250544e-001
3.0480684e-001
2.9039426e-001
2.7646696e-001
2.6469620e-001
2.5278021e-001
3.5140530e-001
3.5880572e-001
3.6626235e-001
3.7459312e-001
3.8254507e-001
3.9168004e-001
3.9220388e-001
3.9606797e-001
3.8910673e-001
3.8066007e-001
3.6439484e-001
3.3820072e-001
2.9694642e-001
1.9110710e-001
1.8766865e-001
1.9476108e-001
2.9986227e-001
3.4927719e-001
3.8933327e-001
4.1873776e-001
4.3650084e-001
4.3693009e-001
4.5713713e-001
4.6069492e-001
4.5929622e-001
4.7736397e-001
4.6116649e-001
4.3947594e-001
4.1499264e-001
3.8756182e-001
3.8330226e-001
3.7760384e-001
3.6686890e-001
3.7319625e-001
3.6914845e-001
3.6564626e-001
3.6555265e-001
3.6399567e-001
3.5977239e-001
3.5483745e-001
3.3321517e-001
3.0552280e-001
3.0835559e-001
2.9863623e-001
3.2547140e-001
3.1529807e-001
3.0277804e-001
2.8940931e-001
2.7766411e-001
2.6580271e-001
3.7685321e-001
3.8328807e-001
3.9181408e-001
4.0001615e-001
4.0791436e-001
4.1676012e-001
3.9439363e-001
3.9631677e-001
3.9735426e-001
3.9859778e-001
3.9958130e-001
3.8118809e-001
3.4768674e-001
2.9879058e-001
3.0300810e-001
3.0129207e-001
3.5007189e-001
3.9115144e-001
4.2372090e-001
4.4776895e-001
4.6148089e-001
4.6234877e-001
4.7903900e-001
4.8240971e-001
4.8181514e-001
4.9781705e-001
4.8231993e-001
4.6345139e-001
4.4132570e-001
4.1684228e-001
4.1089560e-001
4.0482090e-001
3.9471704e-001
3.9723987e-001
3.9146269e-001
3.8612130e-001
3.8555226e-001
3.8279074e-001
3.6623115e-001
3.4263360e-001
3.1247247e-001
2.6284602e-001
2.5057114e-001
2.3939219e-001
2.7972079e-001
2.7281017e-001
2.6585060e-001
3.0004085e-001
2.9032424e-001
2.7876244e-001
4.0262338e-001
4.0930871e-001
4.1869002e-001
4.2678838e-001
4.2937564e-001
4.0132836e-001
3.6434528e-001
3.6737220e-001
3.6673456e-001
3.6508797e-001
4.0554753e-001
4.1894237e-001
3.9062123e-001
3.5202933e-001
3.5490503e-001
3.5303374e-001
3.9258219e-001
4.2699355e-001
4.5357366e-001
4.7333657e-001
4.8483064e-001
4.8604938e-001
4.9992619e-001
5.0417030e-001
5.0319601e-001
5.1754510e-001
5.0363131e-001
4.8702018e-001
4.6678064e-001
4.4465527e-001
4.3838198e-001
4.3098319e-001
4.2036108e-001
4.2086340e-001
4.1370281e-001
4.0791206e-001
4.0286110e-001
3.8170247e-001
3.5586910e-001
3.2291407e-001
2.6901829e-001
1.8015449e-001
1.7159547e-001
1.6538495e-001
2.2258031e-001
2.1876957e-001
2.1414881e-001
2.6194383e-001
2.9865675e-001
2.9167194e-001
4.2967442e-001
4.3655980e-001
4.4662457e-001
4.4410102e-001
4.1361359e-001
3.7230152e-001
2.9973245e-001
3.0021279e-001
3.1297919e-001
3.1643347e-001
3.7203717e-001
4.1703372e-001
4.3037933e-001
3.9798565e-001
3.9978812e-001
3.9779258e-001
4.2995609e-001
4.5800987e-001
4.7979853e-001
4.9715641e-001
5.0687613e-001
5.0837555e-001
5.2000160e-001
5.2392136e-001
5.2571246e-001
5.3771599e-001
5.2506884e-001
5.1026284e-001
4.9255532e-001
4.7231717e-001
4.6578253e-001
4.5834754e-001
4.4628780e-001
4.4517373e-001
4.3588353e-001
4.2245018e-001
3.9880588e-001
3.6986630e-001
3.3430786e-001
2.8187780e-001
1.8632676e-001
0.0000000e+000
0.0000000e+000
0.0000000e+000
1.5218107e-001
1.5126663e-001
1.4956936e-001
2.1241326e-001
2.6117486e-001
2.9788782e-001
4.5672704e-001
4.6479446e-001
4.6077849e-001
4.2833889e-001
3.7579500e-001
2.8214880e-001
1.6243100e-001
1.6074768e-001
1.6784013e-001
1.8621579e-001
3.2235957e-001
3.8270485e-001
4.2843519e-001
4.3913821e-001
4.3905986e-001
4.3798801e-001
4.6424383e-001
4.8721168e-001
5.0516726e-001
5.1957798e-001
5.2787818e-001
5.2960208e-001
5.4045057e-001
5.4411086e-001
5.4811405e-001
5.5824053e-001
5.4762958e-001
5.2809811e-001
5.0254972e-001
5.0088030e-001
4.9413654e-001
4.8564957e-001
4.7346291e-001
4.7003273e-001
4.6108572e-001
4.4882337e-001
4.2334653e-001
3.9250108e-001
3.5327993e-001
2.8149581e-001
1.8394000e-001
0.0000000e+000
0.0000000e+000
0.0000000e+000
0.0000000e+000
0.0000000e+000
0.0000000e+000
1.5262418e-001
2.1565385e-001
2.6299842e-001
4.8582702e-001
4.7895692e-001
4.4451525e-001
3.6936934e-001
2.7221286e-001
1.4973706e-001
0.0000000e+000
0.0000000e+000
0.0000000e+000
0.0000000e+000
1.9021421e-001
3.3752590e-001
3.9872829e-001
4.4514438e-001
4.7588768e-001
4.7555518e-001
4.9708554e-001
5.1496183e-001
5.2985099e-001
5.4088090e-001
5.4906846e-001
5.5097175e-001
5.6119819e-001
5.6567395e-001
5.7042299e-001
5.6695824e-001
5.4057000e-001
5.0947816e-001
4.7250777e-001
4.7577130e-001
4.7434088e-001
4.6920277e-001
4.5698771e-001
4.8694138e-001
4.8870426e-001
4.6777152e-001
4.3876177e-001
4.0626812e-001
3.6593533e-001
2.8252294e-001
1.8625027e-001
0.0000000e+000
0.0000000e+000
0.0000000e+000
0.0000000e+000
0.0000000e+000
0.0000000e+000
1.4555211e-001
2.1167085e-001
2.6055657e-001
5.1554177e-001
4.8534849e-001
4.2844297e-001
3.5408695e-001
2.5791779e-001
1.3887009e-001
0.0000000e+000
0.0000000e+000
0.0000000e+000
0.0000000e+000
0.0000000e+000
1.9596775e-001
3.4575675e-001
4.0920376e-001
4.5946238e-001
4.9916944e-001
5.2876954e-001
5.4359670e-001
5.5500978e-001
5.6435799e-001
5.7040913e-001
5.7245516e-001
5.8320706e-001
5.8833512e-001
5.8332263e-001
5.5747393e-001
5.2194815e-001
4.7943535e-001
4.2818905e-001
4.3160834e-001
4.3171515e-001
4.2846629e-001
4.1764856e-001
4.6292954e-001
4.9251085e-001
4.8613272e-001
4.5949578e-001
4.2996816e-001
4.0007060e-001
3.5014603e-001
2.6984840e-001
1.7746922e-001
1.6481228e-001
0.0000000e+000
0.0000000e+000
0.0000000e+000
0.0000000e+000
1.5048152e-001
2.1473332e-001
2.6375113e-001
5.1910485e-001
4.7647653e-001
4.1996700e-001
3.4610599e-001
2.5274952e-001
1.3502374e-001
0.0000000e+000
0.0000000e+000
0.0000000e+000
0.0000000e+000
0.0000000e+000
1.8861111e-001
3.6063366e-001
4.3018440e-001
4.8165923e-001
5.2336321e-001
5.5622679e-001
5.7191607e-001
5.8157161e-001
5.8855113e-001
5.9289237e-001
5.9203780e-001
5.9853537e-001
6.0080198e-001
5.7449290e-001
5.3967034e-001
4.9292823e-001
4.3511641e-001
3.6474641e-001
3.5606674e-001
3.4753181e-001
3.4024939e-001
3.3922966e-001
4.2358962e-001
4.6306013e-001
4.6898576e-001
4.3552471e-001
3.8879985e-001
3.7501396e-001
3.6169782e-001
3.3886582e-001
2.6281029e-001
1.7573370e-001
0.0000000e+000
0.0000000e+000
0.0000000e+000
1.4805427e-001
2.1777425e-001
2.6679206e-001
3.0527564e-001
5.1654126e-001
4.7588605e-001
4.1964898e-001
3.4612850e-001
2.5319773e-001
1.3819802e-001
0.0000000e+000
0.0000000e+000
0.0000000e+000
0.0000000e+000
0.0000000e+000
1.8827506e-001
3.5651847e-001
4.4752288e-001
5.0298787e-001
5.4686096e-001
5.8145974e-001
6.0202836e-001
6.0823264e-001
6.1433931e-001
5.9692516e-001
5.6740676e-001
5.7359444e-001
5.7898689e-001
5.5771010e-001
5.1064949e-001
4.4860886e-001
3.7167365e-001
2.3703332e-001
2.3063906e-001
2.2502760e-001
2.2098182e-001
2.2085021e-001
3.3241422e-001
4.1777622e-001
4.4527059e-001
3.9437304e-001
3.0516342e-001
2.9396686e-001
2.8433597e-001
2.7689700e-001
3.3417619e-001
2.6107474e-001
1.7653042e-001
1.6875422e-001
1.6489222e-001
2.2576411e-001
2.7539708e-001
3.1231498e-001
3.0958768e-001
5.1950095e-001
4.7781178e-001
4.2247617e-001
3.5008257e-001
2.5856036e-001
1.4312742e-001
0.0000000e+000
0.0000000e+000
0.0000000e+000
0.0000000e+000
1.7558112e-001
3.3015907e-001
4.6059255e-001
4.7925184e-001
4.6879034e-001
5.2696129e-001
5.7299915e-001
6.0932955e-001
6.3701743e-001
6.0858576e-001
5.7331633e-001
5.2985068e-001
5.3437264e-001
5.4045909e-001
5.3291306e-001
4.7160947e-001
3.7754496e-001
2.3947520e-001
0.0000000e+000
0.0000000e+000
0.0000000e+000
0.0000000e+000
0.0000000e+000
2.1450034e-001
3.2528149e-001
3.9609893e-001
3.0612224e-001
2.0066573e-001
1.9270579e-001
1.8866001e-001
1.8539706e-001
2.6297789e-001
3.2684779e-001
2.5789449e-001
2.4859436e-001
2.4085989e-001
2.8569539e-001
3.2232258e-001
2.7755550e-001
2.6625336e-001
4.9880182e-001
4.6334383e-001
4.1517139e-001
4.1868545e-001
3.5408097e-001
2.6606906e-001
1.4888096e-001
1.4970513e-001
1.5754987e-001
1.7517322e-001
3.2415940e-001
4.4725210e-001
3.4912981e-001
3.6540653e-001
3.9045899e-001
4.7574960e-001
5.4051103e-001
5.9079734e-001
6.2836832e-001
5.8681948e-001
5.3678352e-001
4.7358233e-001
4.7602213e-001
4.8297514e-001
5.5150904e-001
4.8810169e-001
3.7168314e-001
2.2481833e-001
0.0000000e+000
0.0000000e+000
0.0000000e+000
0.0000000e+000
0.0000000e+000
2.0976506e-001
3.2067221e-001
3.1160399e-001
2.0250850e-001
0.0000000e+000
0.0000000e+000
0.0000000e+000
0.0000000e+000
1.7495699e-001
2.5975933e-001
3.2381297e-001
3.1407652e-001
3.0402692e-001
3.3264651e-001
2.8146192e-001
2.2328723e-001
2.1398708e-001
4.5235791e-001
4.0481131e-001
3.4137164e-001
3.4254008e-001
2.6374522e-001
2.7330239e-001
2.7993577e-001
2.8492954e-001
2.9905010e-001
3.2199637e-001
3.2530968e-001
3.2017355e-001
1.9084907e-001
1.9794152e-001
2.1380972e-001
3.9208959e-001
4.9032204e-001
5.5912733e-001
6.0807262e-001
5.5212733e-001
4.8153812e-001
3.9264539e-001
3.9376125e-001
3.9686676e-001
4.9504799e-001
4.8860330e-001
3.7333652e-001
2.2799258e-001
0.0000000e+000
0.0000000e+000
0.0000000e+000
0.0000000e+000
0.0000000e+000
2.1442381e-001
3.2117562e-001
2.0946360e-001
0.0000000e+000
0.0000000e+000
0.0000000e+000
0.0000000e+000
0.0000000e+000
0.0000000e+000
1.7661145e-001
2.5804809e-001
3.2168388e-001
3.4408827e-001
2.8990255e-001
2.2797648e-001
1.5735349e-001
1.4957729e-001
3.9472310e-001
3.2987179e-001
2.4734806e-001
2.4777842e-001
1.4606075e-001
1.5039519e-001
1.6175025e-001
3.0250550e-001
4.1667982e-001
3.2264680e-001
1.7483719e-001
1.6613327e-001
0.0000000e+000
0.0000000e+000
0.0000000e+000
2.1179035e-001
3.8831510e-001
5.1356253e-001
5.7153910e-001
4.9585882e-001
4.0060102e-001
2.3679352e-001
2.3159992e-001
2.4044752e-001
3.8627236e-001
4.9333723e-001
4.7635239e-001
3.6410645e-001
2.1504618e-001
0.0000000e+000
0.0000000e+000
0.0000000e+000
2.1183647e-001
3.3071698e-001
3.2627344e-001
2.1099100e-001
0.0000000e+000
0.0000000e+000
0.0000000e+000
0.0000000e+000
0.0000000e+000
0.0000000e+000
1.7735603e-001
2.6330249e-001
3.2976333e-001
3.1047402e-001
2.4206132e-001
1.6430858e-001
0.0000000e+000
0.0000000e+000
3.2372443e-001
2.3943617e-001
1.3305740e-001
1.3037124e-001
0.0000000e+000
0.0000000e+000
0.0000000e+000
1.7226941e-001
3.1792968e-001
1.8018600e-001
0.0000000e+000
0.0000000e+000
0.0000000e+000
0.0000000e+000
0.0000000e+000
2.0042355e-001
3.7663061e-001
5.2644386e-001
5.1177996e-001
4.0738519e-001
2.3237548e-001
0.0000000e+000
0.0000000e+000
0.0000000e+000
2.2890009e-001
3.7930176e-001
4.8542168e-001
4.6245564e-001
3.5565144e-001
2.2065413e-001
2.0979893e-001
2.1825039e-001
3.3606282e-001
4.2841025e-001
3.3794711e-001
2.1878109e-001
0.0000000e+000
0.0000000e+000
0.0000000e+000
0.0000000e+000
0.0000000e+000
0.0000000e+000
1.8436326e-001
2.7278420e-001
3.3095158e-001
2.5896437e-001
1.7282936e-001
0.0000000e+000
0.0000000e+000
0.0000000e+000
2.3602097e-001
1.2963044e-001
0.0000000e+000
0.0000000e+000
0.0000000e+000
0.0000000e+000
0.0000000e+000
1.6616806e-001
3.0977023e-001
1.6530891e-001
0.0000000e+000
0.0000000e+000
0.0000000e+000
0.0000000e+000
0.0000000e+000
1.9432222e-001
3.7091364e-001
5.1927923e-001
5.2460828e-001
3.9423350e-001
2.1223293e-001
0.0000000e+000
0.0000000e+000
0.0000000e+000
2.0499477e-001
3.6309871e-001
4.6412112e-001
5.3326945e-001
4.5431373e-001
3.5243287e-001
3.4499391e-001
3.4444386e-001
4.3442859e-001
4.8641762e-001
4.2414914e-001
3.2745669e-001
2.1164839e-001
2.0525410e-001
0.0000000e+000
0.0000000e+000
0.0000000e+000
1.9151602e-001
2.7739082e-001
3.4739689e-001
2.7665027e-001
1.8526431e-001
0.0000000e+000
0.0000000e+000
0.0000000e+000
0.0000000e+000
2.3381430e-001
1.2352911e-001
0.0000000e+000
0.0000000e+000
0.0000000e+000
0.0000000e+000
0.0000000e+000
1.6533218e-001
3.0159606e-001
1.6271785e-001
0.0000000e+000
0.0000000e+000
0.0000000e+000
0.0000000e+000
0.0000000e+000
2.0050692e-001
3.7327037e-001
5.1857356e-001
5.2206659e-001
3.7974076e-001
2.0613158e-001
0.0000000e+000
0.0000000e+000
0.0000000e+000
0.0000000e+000
2.1977463e-001
3.5947037e-001
4.6011973e-001
5.2221851e-001
4.4554950e-001
4.4215967e-001
4.4114964e-001
5.0001581e-001
5.1817234e-001
4.7768619e-001
4.1632037e-001
3.2267247e-001
3.1272844e-001
2.0594970e-001
2.0346961e-001
2.0333800e-001
2.9260037e-001
3.5882012e-001
3.6101161e-001
2.8300064e-001
1.8835737e-001
0.0000000e+000
0.0000000e+000
0.0000000e+000
0.0000000e+000
2.5023871e-001
1.3655411e-001
0.0000000e+000
0.0000000e+000
0.0000000e+000
0.0000000e+000
1.6524696e-001
3.0177899e-001
3.0678750e-001
1.7047740e-001
0.0000000e+000
0.0000000e+000
0.0000000e+000
0.0000000e+000
1.8731314e-001
3.5303185e-001
4.9269926e-001
5.1871188e-001
5.1721876e-001
3.7472586e-001
2.0529570e-001
0.0000000e+000
0.0000000e+000
0.0000000e+000
0.0000000e+000
2.1517597e-001
3.5485326e-001
4.5412194e-001
4.3823688e-001
3.4452223e-001
3.4240653e-001
3.4326559e-001
4.3341491e-001
4.9293667e-001
5.1001415e-001
4.7187762e-001
4.1231898e-001
4.0110082e-001
3.1319772e-001
3.0951634e-001
3.0693095e-001
3.7507791e-001
4.1112908e-001
3.6140173e-001
2.8245428e-001
1.8761893e-001
0.0000000e+000
0.0000000e+000
0.0000000e+000
0.0000000e+000
2.5448010e-001
2.5599227e-001
1.4406282e-001
1.4664212e-001
1.5273173e-001
1.6584192e-001
3.0412910e-001
4.1593403e-001
4.2252012e-001
3.1529906e-001
1.7898895e-001
1.7028504e-001
1.7211204e-001
1.8622509e-001
3.4580791e-001
4.7583684e-001
3.6707492e-001
3.7668205e-001
5.1733027e-001
3.8132141e-001
2.0603465e-001
0.0000000e+000
0.0000000e+000
0.0000000e+000
0.0000000e+000
2.1935308e-001
3.5336749e-001
4.3453541e-001
3.3809709e-001
2.2209682e-001
2.1961670e-001
2.2183360e-001
3.3566331e-001
4.2924132e-001
4.8701403e-001
5.0461504e-001
4.6887811e-001
4.5495243e-001
4.0060618e-001
3.9518098e-001
3.9063253e-001
4.2514172e-001
4.3212122e-001
4.0304121e-001
3.4820387e-001
2.7072897e-001
1.8066997e-001
1.7367660e-001
0.0000000e+000
0.0000000e+000
1.3788802e-001
1.4748793e-001
2.6356233e-001
2.6996022e-001
2.8443181e-001
3.0451987e-001
4.1948406e-001
5.1150730e-001
5.1935548e-001
4.3365046e-001
3.2642937e-001
3.1778294e-001
3.2282668e-001
3.3858397e-001
3.3941535e-001
3.3989570e-001
1.9946562e-001
2.0480292e-001
3.7613550e-001
3.8791699e-001
2.1554935e-001
0.0000000e+000
0.0000000e+000
0.0000000e+000
2.0798465e-001
3.4583592e-001
4.3517048e-001
3.3520730e-001
2.0977136e-001
0.0000000e+000
0.0000000e+000
0.0000000e+000
2.1733246e-001
3.3446951e-001
4.2703603e-001
4.8358451e-001
5.0296565e-001
4.8754195e-001
4.5304713e-001
4.4481066e-001
4.3680349e-001
4.5341419e-001
4.5169427e-001
4.2644048e-001
3.9778400e-001
3.3918372e-001
2.6658758e-001
2.5068643e-001
1.6953524e-001
1.6489038e-001
0.0000000e+000
0.0000000e+000
1.5256132e-001
2.8245514e-001
3.9421494e-001
4.1795633e-001
5.1479510e-001
5.9221518e-001
6.0107301e-001
5.3609113e-001
4.5565157e-001
4.4705110e-001
3.3749594e-001
1.8513703e-001
1.8169859e-001
1.8001527e-001
0.0000000e+000
0.0000000e+000
2.0310626e-001
3.7268369e-001
3.7747661e-001
2.0242577e-001
4.7638900e-003
2.1065747e-001
3.4166934e-001
4.3762987e-001
3.3846622e-001
2.0657200e-001
0.0000000e+000
0.0000000e+000
0.0000000e+000
0.0000000e+000
0.0000000e+000
2.1944599e-001
3.3418368e-001
4.2584225e-001
4.8167922e-001
5.1104534e-001
4.8512484e-001
4.7552083e-001
4.6635616e-001
4.7688579e-001
4.6752092e-001
4.4579652e-001
4.2155178e-001
3.9415660e-001
3.3582516e-001
3.1232808e-001
2.4497941e-001
2.3661866e-001
0.0000000e+000
0.0000000e+000
0.0000000e+000
1.6390302e-001
3.0287019e-001
4.2013352e-001
5.1827865e-001
6.0112920e-001
6.5126192e-001
5.7772042e-001
4.8131589e-001
3.5413859e-001
1.9288324e-001
0.0000000e+000
0.0000000e+000
0.0000000e+000
0.0000000e+000
0.0000000e+000
2.0133774e-001
3.7301067e-001
4.0157688e-001
2.2167621e-001
0.0000000e+000
2.2495532e-001
3.6581635e-001
3.4734484e-001
2.1898870e-001
0.0000000e+000
0.0000000e+000
0.0000000e+000
0.0000000e+000
0.0000000e+000
0.0000000e+000
2.1525246e-001
3.3054952e-001
4.2343836e-001
4.8249376e-001
5.1203879e-001
5.1138472e-001
5.0094259e-001
4.9034011e-001
4.9600489e-001
4.8031440e-001
4.6136112e-001
4.4058025e-001
4.1751492e-001
3.9015304e-001
3.6214488e-001
3.0662106e-001
2.9372195e-001
0.0000000e+000
0.0000000e+000
0.0000000e+000
1.6564481e-001
3.0600542e-001
4.2438351e-001
5.2342042e-001
6.0698441e-001
6.5711712e-001
5.8286221e-001
4.8556586e-001
3.5727382e-001
1.9462503e-001
0.0000000e+000
0.0000000e+000
0.0000000e+000
0.0000000e+000
0.0000000e+000
2.0307953e-001
3.7614591e-001
4.0580776e-001
2.2402672e-001
0.0000000e+000
2.2730582e-001
3.6531350e-001
3.4684202e-001
2.2073049e-001
0.0000000e+000
0.0000000e+000
0.0000000e+000
0.0000000e+000
0.0000000e+000
0.0000000e+000
2.1497310e-001
3.3004667e-001
4.2275674e-001
4.8350279e-001
5.1318783e-001
5.3034604e-001
5.1990390e-001
5.0930142e-001
5.0283364e-001
4.8499445e-001
4.6678391e-001
4.4693148e-001
4.2502669e-001
3.9368372e-001
3.6235226e-001
3.0722946e-001
2.9433035e-001
0.0000000e+000
0.0000000e+000
1.5778670e-001
2.9186082e-001
4.0696486e-001
4.3951691e-001
5.3726894e-001
6.1804986e-001
6.3833615e-001
5.6637537e-001
4.7721215e-001
4.6861168e-001
3.5029033e-001
1.9459832e-001
1.9115985e-001
1.8947653e-001
0.0000000e+000
0.0000000e+000
2.0833162e-001
3.8208937e-001
3.8688231e-001
2.0765115e-001
4.7640300e-003
2.1588285e-001
3.4016080e-001
4.3605501e-001
3.3754523e-001
2.1269206e-001
0.0000000e+000
0.0000000e+000
0.0000000e+000
0.0000000e+000
0.0000000e+000
2.1860793e-001
3.3267516e-001
4.2379735e-001
4.8470632e-001
5.1449246e-001
5.0839922e-001
4.9879520e-001
4.8963054e-001
4.9514931e-001
4.7496178e-001
4.5381580e-001
4.3029407e-001
3.9804922e-001
3.4058771e-001
3.1237779e-001
2.4608912e-001
2.3772837e-001
1.4734928e-001
1.5694920e-001
2.8333269e-001
2.9037922e-001
3.0485080e-001
3.2493887e-001
4.4559316e-001
5.4469588e-001
5.5940269e-001
4.6497402e-001
3.4684839e-001
3.3820193e-001
3.4324568e-001
3.5561427e-001
3.5644565e-001
3.5692598e-001
2.0892688e-001
2.1426418e-001
3.8977709e-001
4.0494727e-001
2.2501061e-001
0.0000000e+000
0.0000000e+000
0.0000000e+000
2.1744594e-001
3.5021843e-001
4.3947557e-001
3.3829355e-001
2.2012733e-001
0.0000000e+000
0.0000000e+000
0.0000000e+000
2.2230560e-001
3.3792460e-001
4.2826396e-001
4.9058936e-001
5.2063141e-001
5.1479407e-001
4.8085831e-001
4.7262183e-001
4.6461466e-001
4.8751831e-001
4.7145586e-001
4.4488849e-001
4.1155132e-001
3.4721908e-001
2.7358838e-001
2.5506897e-001
1.7196995e-001
1.6732512e-001
2.7574629e-001
2.8332013e-001
1.5775998e-001
1.6033929e-001
1.6642888e-001
1.7953909e-001
3.2925997e-001
4.5161596e-001
4.6075255e-001
3.4262692e-001
1.9268613e-001
1.8398221e-001
1.8580921e-001
1.9992226e-001
3.7046281e-001
5.0315824e-001
3.8834111e-001
3.9794823e-001
5.4194071e-001
4.0597632e-001
2.1973180e-001
0.0000000e+000
0.0000000e+000
0.0000000e+000
0.0000000e+000
2.3305023e-001
3.6364109e-001
4.4271194e-001
3.4633996e-001
2.2780437e-001
2.2532425e-001
2.2754115e-001
3.4534935e-001
4.3771295e-001
5.0117883e-001
5.3096497e-001
5.0691484e-001
4.8674135e-001
4.2020892e-001
4.1478372e-001
4.1023530e-001
4.6151789e-001
4.6231154e-001
4.2955294e-001
3.6213029e-001
2.8100255e-001
1.8637752e-001
1.7938415e-001
0.0000000e+000
0.0000000e+000
2.8090779e-001
1.5359249e-001
0.0000000e+000
0.0000000e+000
0.0000000e+000
0.0000000e+000
1.8228534e-001
3.3244808e-001
3.3745657e-001
1.8751578e-001
0.0000000e+000
0.0000000e+000
0.0000000e+000
0.0000000e+000
2.0592635e-001
3.8653563e-001
5.3811550e-001
5.5433804e-001
5.4933552e-001
4.0822966e-001
2.2390891e-001
0.0000000e+000
0.0000000e+000
0.0000000e+000
0.0000000e+000
2.3378918e-001
3.7019155e-001
4.7491384e-001
4.5335245e-001
3.5760953e-001
3.5549383e-001
3.5635292e-001
4.4968504e-001
5.1641377e-001
5.4557549e-001
5.1305379e-001
4.3839074e-001
4.2389270e-001
3.3056671e-001
3.2688536e-001
3.2429994e-001
3.9952510e-001
4.4690843e-001
3.8219365e-001
2.9779255e-001
1.9614020e-001
0.0000000e+000
0.0000000e+000
0.0000000e+000
0.0000000e+000
2.7333226e-001
1.4548353e-001
0.0000000e+000
0.0000000e+000
0.0000000e+000
0.0000000e+000
0.0000000e+000
1.8728660e-001
3.4111403e-001
1.8467227e-001
0.0000000e+000
0.0000000e+000
0.0000000e+000
0.0000000e+000
0.0000000e+000
2.2246136e-001
4.1278833e-001
5.6464872e-001
5.5069636e-001
4.1925874e-001
2.2808600e-001
0.0000000e+000
0.0000000e+000
0.0000000e+000
0.0000000e+000
2.4172904e-001
3.7937776e-001
4.8710532e-001
5.4537063e-001
4.6707901e-001
4.6368918e-001
4.6267916e-001
5.3504576e-001
5.6451806e-001
5.2470026e-001
4.4493053e-001
3.4461059e-001
3.3319234e-001
2.1700938e-001
2.1452925e-001
2.1439764e-001
3.1250776e-001
3.9108555e-001
3.8799720e-001
3.0290804e-001
1.9941704e-001
0.0000000e+000
0.0000000e+000
0.0000000e+000
0.0000000e+000
2.8155312e-001
1.5492609e-001
0.0000000e+000
0.0000000e+000
0.0000000e+000
0.0000000e+000
0.0000000e+000
1.9146371e-001
3.5530238e-001
1.9060453e-001
0.0000000e+000
0.0000000e+000
0.0000000e+000
0.0000000e+000
0.0000000e+000
2.1961785e-001
4.1644579e-001
5.6416208e-001
5.5778755e-001
4.2711349e-001
2.3752856e-001
0.0000000e+000
0.0000000e+000
0.0000000e+000
2.3029041e-001
3.8748321e-001
4.9364509e-001
5.7812986e-001
4.8911757e-001
3.7894009e-001
3.7150112e-001
3.7095108e-001
4.7126315e-001
5.4134529e-001
4.5732840e-001
3.5193321e-001
2.2524644e-001
2.1885215e-001
0.0000000e+000
0.0000000e+000
0.0000000e+000
2.0257570e-001
3.0389803e-001
3.8366898e-001
3.0112676e-001
1.9886235e-001
0.0000000e+000
0.0000000e+000
0.0000000e+000
0.0000000e+000
3.8878700e-001
2.8830952e-001
1.6503544e-001
1.6234928e-001
0.0000000e+000
0.0000000e+000
0.0000000e+000
2.0090624e-001
3.6947601e-001
2.0882284e-001
0.0000000e+000
0.0000000e+000
0.0000000e+000
0.0000000e+000
0.0000000e+000
2.2906041e-001
4.2817694e-001
5.6655626e-001
5.6606864e-001
4.3643081e-001
2.6101234e-001
0.0000000e+000
0.0000000e+000
0.0000000e+000
2.5753694e-001
4.0834735e-001
5.2479461e-001
5.0182858e-001
3.8469702e-001
2.4431837e-001
2.3714125e-001
2.3857532e-001
3.6510844e-001
4.7088457e-001
3.6699270e-001
2.3491754e-001
0.0000000e+000
0.0000000e+000
0.0000000e+000
0.0000000e+000
0.0000000e+000
0.0000000e+000
2.0049973e-001
3.0182982e-001
3.7032451e-001
2.8800998e-001
1.8896581e-001
0.0000000e+000
0.0000000e+000
0.0000000e+000
4.7875119e-001
4.0094852e-001
3.0490855e-001
3.0533892e-001
1.7803879e-001
1.8237325e-001
1.9372829e-001
3.6006600e-001
4.9747061e-001
3.8181337e-001
2.1015644e-001
2.0145252e-001
0.0000000e+000
0.0000000e+000
0.0000000e+000
2.4376841e-001
4.3974171e-001
5.7107975e-001
6.6975661e-001
5.6849202e-001
4.3750502e-001
2.6877158e-001
2.6357796e-001
2.7154566e-001
4.1785637e-001
5.3524856e-001
5.2191901e-001
3.9772117e-001
2.4702422e-001
0.0000000e+000
0.0000000e+000
0.0000000e+000
2.3223320e-001
3.6363931e-001
3.5988819e-001
2.2966585e-001
0.0000000e+000
0.0000000e+000
0.0000000e+000
0.0000000e+000
0.0000000e+000
0.0000000e+000
1.9603087e-001
2.9691721e-001
3.7532994e-001
3.5604066e-001
2.7567603e-001
1.8298343e-001
0.0000000e+000
0.0000000e+000
5.5489965e-001
4.9699197e-001
4.2273930e-001
4.2390775e-001
3.2464694e-001
3.3420409e-001
3.4618341e-001
3.5117718e-001
3.6529773e-001
3.8824401e-001
3.8888436e-001
3.8374820e-001
2.2616834e-001
2.3326077e-001
2.4912899e-001
4.4463637e-001
5.7362590e-001
6.7950966e-001
7.3382920e-001
6.7000447e-001
5.7117568e-001
4.3932930e-001
4.3406095e-001
4.3301987e-001
5.4775042e-001
5.4036360e-001
4.1152033e-001
2.5748059e-001
0.0000000e+000
0.0000000e+000
0.0000000e+000
0.0000000e+000
0.0000000e+000
2.3563706e-001
3.5935943e-001
2.3067684e-001
0.0000000e+000
0.0000000e+000
0.0000000e+000
0.0000000e+000
0.0000000e+000
0.0000000e+000
1.9782466e-001
2.9623192e-001
3.7344418e-001
4.0670974e-001
3.4166285e-001
2.6616029e-001
1.7856673e-001
1.7079053e-001
6.1949569e-001
5.7574883e-001
5.1892599e-001
5.2244005e-001
4.4561070e-001
3.3833088e-001
1.8754144e-001
1.8836560e-001
1.9621034e-001
2.1383369e-001
3.9374826e-001
5.3677232e-001
4.1604570e-001
4.3232241e-001
4.4968914e-001
5.8087061e-001
6.8330990e-001
7.4421728e-001
7.8630065e-001
6.6767121e-001
4.6115094e-001
4.5922852e-001
5.6870957e-001
5.6555870e-001
6.4765484e-001
5.4605566e-001
4.1443608e-001
2.5692589e-001
0.0000000e+000
0.0000000e+000
0.0000000e+000
0.0000000e+000
0.0000000e+000
2.3351671e-001
3.6342515e-001
3.5435693e-001
2.2626012e-001
0.0000000e+000
0.0000000e+000
0.0000000e+000
0.0000000e+000
2.0124701e-001
3.0180511e-001
3.7823454e-001
3.7731034e-001
3.6726075e-001
4.0146167e-001
3.3779132e-001
2.6400944e-001
2.5470931e-001
6.7445691e-001
6.1900463e-001
5.4646515e-001
4.5256666e-001
3.3416339e-001
1.8512910e-001
0.0000000e+000
0.0000000e+000
0.0000000e+000
0.0000000e+000
2.1758280e-001
4.0576208e-001
5.6866341e-001
5.7952491e-001
5.8667614e-001
6.9046197e-001
7.4969758e-001
7.9704593e-001
6.6420288e-001
3.9062725e-001
1.9418037e-001
1.6966264e-001
3.2892109e-001
2.9352626e-001
3.9634049e-001
5.5775988e-001
4.2486700e-001
2.6576522e-001
0.0000000e+000
0.0000000e+000
0.0000000e+000
0.0000000e+000
0.0000000e+000
2.4079035e-001
3.7260355e-001
4.5980139e-001
3.5288780e-001
2.2695575e-001
2.1899580e-001
2.1495003e-001
2.1168707e-001
3.1029992e-001
3.8826630e-001
3.0724724e-001
2.9794712e-001
2.9021264e-001
3.5349831e-001
3.9743356e-001
3.3642330e-001
3.2512116e-001
6.8382389e-001
6.2831073e-001
5.5350119e-001
4.5676515e-001
3.3481492e-001
1.8354090e-001
0.0000000e+000
0.0000000e+000
0.0000000e+000
0.0000000e+000
0.0000000e+000
2.3361795e-001
4.3813566e-001
5.8684931e-001
6.9728717e-001
7.5718611e-001
8.0360908e-001
7.6571056e-001
4.3802869e-001
2.5776739e-001
9.4144630e-002
4.1383180e-002
1.3452296e-001
1.5198434e-001
2.5838659e-001
4.2825534e-001
5.5495888e-001
4.2418069e-001
2.6586174e-001
2.5946748e-001
2.5385602e-001
2.4981024e-001
2.4967863e-001
3.8227465e-001
4.8446226e-001
5.5174043e-001
4.6138095e-001
3.5502385e-001
3.4382730e-001
3.3419640e-001
3.2675743e-001
4.0238477e-001
3.1360329e-001
2.0535884e-001
1.9758264e-001
1.9372064e-001
2.7765524e-001
3.4922320e-001
3.9684839e-001
3.8551032e-001
6.9871411e-001
6.4013300e-001
5.6368247e-001
4.6489518e-001
3.4038089e-001
1.8370786e-001
0.0000000e+000
0.0000000e+000
0.0000000e+000
0.0000000e+000
0.0000000e+000
2.3729520e-001
4.4826503e-001
5.9056863e-001
7.0296736e-001
7.7100355e-001
8.2161132e-001
5.9317966e-001
3.7222336e-001
1.5773165e-001
3.5140500e-002
3.0892560e-002
7.3298040e-002
1.2491418e-001
1.8389919e-001
3.1583316e-001
5.5847135e-001
5.5034086e-001
4.2122313e-001
4.1049627e-001
4.0196134e-001
3.9467892e-001
3.9365922e-001
4.9803874e-001
5.7493976e-001
6.0353559e-001
5.4969135e-001
4.6005499e-001
4.4626914e-001
4.3295297e-001
4.1540084e-001
3.1927054e-001
2.0710049e-001
0.0000000e+000
0.0000000e+000
0.0000000e+000
1.8364809e-001
2.7402137e-001
3.4558933e-001
4.0211301e-001
7.1847440e-001
6.6023677e-001
5.8202168e-001
4.8102871e-001
3.5156335e-001
1.9089541e-001
0.0000000e+000
0.0000000e+000
0.0000000e+000
0.0000000e+000
0.0000000e+000
2.4799307e-001
4.5795592e-001
5.9707484e-001
7.0810821e-001
7.7486257e-001
8.1522060e-001
5.7029013e-001
3.2583175e-001
1.6578205e-001
2.7424220e-002
0.0000000e+000
6.2807420e-002
1.3074544e-001
2.0278680e-001
3.4516734e-001
5.2910643e-001
6.3323760e-001
5.4730606e-001
5.3389596e-001
5.2302223e-001
5.1471620e-001
5.1220314e-001
5.8743344e-001
6.2656771e-001
6.3978199e-001
5.9988352e-001
5.4665655e-001
5.2008371e-001
4.3287472e-001
3.3087775e-001
2.1137443e-001
1.9871747e-001
0.0000000e+000
0.0000000e+000
0.0000000e+000
0.0000000e+000
1.8645287e-001
2.7576267e-001
3.4647982e-001
7.4309630e-001
6.8641760e-001
6.0795721e-001
5.0446366e-001
3.7187258e-001
2.0510358e-001
0.0000000e+000
0.0000000e+000
0.0000000e+000
0.0000000e+000
2.4558072e-001
4.5340037e-001
5.9294431e-001
7.0607653e-001
7.7704148e-001
8.2757901e-001
8.1150957e-001
5.4787185e-001
3.6384882e-001
1.9552432e-001
1.3064238e-001
5.9339080e-002
1.2450194e-001
1.9432415e-001
2.6787319e-001
4.1145971e-001
5.9636375e-001
6.8524732e-001
6.2893314e-001
6.2207057e-001
6.1395163e-001
6.0484115e-001
5.9383735e-001
6.3361709e-001
6.5971103e-001
6.2383356e-001
5.8276940e-001
5.3522187e-001
4.5485769e-001
3.4812139e-001
2.2269385e-001
0.0000000e+000
0.0000000e+000
0.0000000e+000
0.0000000e+000
0.0000000e+000
0.0000000e+000
1.8511535e-001
2.7726929e-001
3.4947894e-001
7.9387169e-001
7.5286317e-001
6.9442932e-001
6.1596890e-001
5.1423050e-001
3.8514975e-001
2.2113873e-001
2.1945542e-001
2.2654787e-001
2.4492353e-001
4.4901862e-001
5.8875464e-001
7.0213961e-001
7.7999104e-001
7.8002378e-001
7.7662699e-001
8.2539251e-001
7.7636907e-001
5.7978671e-001
3.9576368e-001
2.9449453e-001
1.8808896e-001
2.5791118e-001
2.6440486e-001
4.0521621e-001
4.6850236e-001
6.5622063e-001
7.2557679e-001
6.8094287e-001
6.7242667e-001
6.6290536e-001
6.5231723e-001
6.4021445e-001
6.6873849e-001
6.5234973e-001
6.1691382e-001
5.7640161e-001
5.2954404e-001
4.6026794e-001
3.5166338e-001
2.2292199e-001
0.0000000e+000
0.0000000e+000
0.0000000e+000
0.0000000e+000
0.0000000e+000
0.0000000e+000
1.9160617e-001
2.8582142e-001
3.5811445e-001
8.3641410e-001
8.0969688e-001
7.6728424e-001
7.1060552e-001
6.3354926e-001
5.3637424e-001
4.0874758e-001
4.0922791e-001
4.2199432e-001
4.4453961e-001
5.8080456e-001
6.9441153e-001
7.8157664e-001
7.0640633e-001
7.0399128e-001
7.0448211e-001
7.7277929e-001
8.2096665e-001
8.3381564e-001
7.0428948e-001
5.7390974e-001
4.3942251e-001
4.4591619e-001
4.0174787e-001
5.9636957e-001
6.0040890e-001
7.7597012e-001
7.5656205e-001
7.2127233e-001
7.1115963e-001
7.0051644e-001
6.8901979e-001
6.7576422e-001
6.7674754e-001
6.4522629e-001
6.1029141e-001
5.7040549e-001
5.2398877e-001
4.6523980e-001
3.5661447e-001
2.2784715e-001
0.0000000e+000
0.0000000e+000
0.0000000e+000
1.9623986e-001
1.9532539e-001
1.9362812e-001
2.8756310e-001
3.6142179e-001
4.1695986e-001
8.7412528e-001
8.5884110e-001
8.2924544e-001
7.8999207e-001
7.3443665e-001
6.6278626e-001
5.6602220e-001
5.6397797e-001
5.6361400e-001
5.7717069e-001
6.8708773e-001
7.7966621e-001
6.9975397e-001
5.9376473e-001
5.9070780e-001
5.9128323e-001
6.9588293e-001
7.6821670e-001
8.1630312e-001
8.4782370e-001
8.6120550e-001
7.8882200e-001
7.4465368e-001
7.2701112e-001
7.6628986e-001
7.8721292e-001
8.0584207e-001
7.8034556e-001
7.5225760e-001
7.2176313e-001
7.0973011e-001
6.9739582e-001
6.8419946e-001
6.8728972e-001
6.6000190e-001
6.3001681e-001
5.9631813e-001
5.5797746e-001
5.1349231e-001
4.5322417e-001
3.4832408e-001
2.2421328e-001
2.1565425e-001
2.0944371e-001
3.0188608e-001
2.9807536e-001
2.9345457e-001
3.6612244e-001
4.2291305e-001
4.6426431e-001
9.0595877e-001
8.9532982e-001
8.7442765e-001
8.4636106e-001
8.0685111e-001
7.5456505e-001
6.7387091e-001
6.7135566e-001
6.6952931e-001
6.8345385e-001
7.7234240e-001
6.9563318e-001
5.8618077e-001
4.5463465e-001
4.5077536e-001
4.5145652e-001
5.8314657e-001
6.8596142e-001
7.6475298e-001
8.0775775e-001
8.2808902e-001
8.1637392e-001
8.3593467e-001
8.2351760e-001
8.1077755e-001
8.1264942e-001
7.8598595e-001
7.5678130e-001
7.2405817e-001
6.8727893e-001
6.7602034e-001
6.6472716e-001
6.5235639e-001
6.6798932e-001
6.7043742e-001
6.4431710e-001
6.1579138e-001
5.8357492e-001
5.4708701e-001
5.0457581e-001
4.4571661e-001
3.4469021e-001
3.3241530e-001
3.2123635e-001
3.8976257e-001
3.8285195e-001
3.7589241e-001
4.2998090e-001
4.7233420e-001
5.0233603e-001
9.2546024e-001
9.1858246e-001
9.0634525e-001
8.8889344e-001
8.6274214e-001
8.2477531e-001
7.6025049e-001
7.5748596e-001
7.5527254e-001
7.6870852e-001
6.8846593e-001
5.8371833e-001
4.4686471e-001
2.6317968e-001
2.5974121e-001
2.6683366e-001
4.4487656e-001
5.7531409e-001
6.8016431e-001
7.5824718e-001
7.8760731e-001
7.7656746e-001
8.0462243e-001
7.9270512e-001
7.8038409e-001
7.9303450e-001
7.6238119e-001
7.2818923e-001
6.8957397e-001
6.4542957e-001
6.3548102e-001
6.2514723e-001
6.1346645e-001
6.3713229e-001
6.5112779e-001
6.5509443e-001
6.3051893e-001
6.0358224e-001
5.7335205e-001
5.3866300e-001
4.9840037e-001
4.4208274e-001
4.2761797e-001
4.1324713e-001
4.6264040e-001
4.5246705e-001
4.4285364e-001
4.8286150e-001
5.1288211e-001
5.2967303e-001
9.4039637e-001
9.3722274e-001
9.2976158e-001
9.1812872e-001
9.0076076e-001
8.7679954e-001
8.3036514e-001
8.2706435e-001
7.6588288e-001
6.8457526e-001
5.7930162e-001
4.4549669e-001
2.4473217e-001
0.0000000e+000
0.0000000e+000
0.0000000e+000
2.6531730e-001
4.3965537e-001
5.7165857e-001
6.7807445e-001
7.3757705e-001
7.2772328e-001
7.6639601e-001
7.5510340e-001
7.4330614e-001
7.6822449e-001
7.3485070e-001
6.9469000e-001
6.4827181e-001
5.9437376e-001
5.8572074e-001
5.7658619e-001
5.6610990e-001
5.9981689e-001
6.2143594e-001
6.3576855e-001
6.4136148e-001
6.1804932e-001
5.9269179e-001
5.6443556e-001
5.3221395e-001
4.9503562e-001
4.9055967e-001
4.8605745e-001
5.1737697e-001
5.0995294e-001
4.9821643e-001
5.1846727e-001
5.3253698e-001
5.4118177e-001
9.5304683e-001
9.5283653e-001
9.4945211e-001
9.4063109e-001
9.1614445e-001
8.8262539e-001
8.3510075e-001
7.6686336e-001
6.8250705e-001
5.7898063e-001
4.4670216e-001
2.5108384e-001
0.0000000e+000
0.0000000e+000
0.0000000e+000
0.0000000e+000
2.5495335e-001
4.3098517e-001
5.6181921e-001
6.6244832e-001
6.5840498e-001
6.5578327e-001
7.1918487e-001
7.0867314e-001
6.9753059e-001
7.3194056e-001
7.0162506e-001
6.5338784e-001
5.9721600e-001
5.2627209e-001
5.1730848e-001
5.1006710e-001
5.0664595e-001
5.5374453e-001
5.8523502e-001
6.0761747e-001
6.2303135e-001
6.2847819e-001
6.0698376e-001
5.8355641e-001
5.5771291e-001
5.2884921e-001
5.2318201e-001
5.1776741e-001
5.4101020e-001
5.3329140e-001
5.2261539e-001
5.3483812e-001
5.4400745e-001
5.4883686e-001
9.6386876e-001
9.6602912e-001
9.6043868e-001
9.4293773e-001
9.1815079e-001
8.8425637e-001
8.3255734e-001
7.6437747e-001
6.8009304e-001
5.7665648e-001
4.4351178e-001
2.4071988e-001
0.0000000e+000
0.0000000e+000
0.0000000e+000
0.0000000e+000
2.4634454e-001
4.2685538e-001
5.5717787e-001
5.5575489e-001
5.5066260e-001
5.4832588e-001
6.3865433e-001
6.3936436e-001
6.4088305e-001
6.8715754e-001
6.6116560e-001
6.0304339e-001
5.2395593e-001
4.0259916e-001
3.9547333e-001
3.9147881e-001
3.9030252e-001
4.9490110e-001
5.4089776e-001
5.7334250e-001
5.9639254e-001
6.1163131e-001
6.1723534e-001
5.9796877e-001
5.7732624e-001
5.5462176e-001
5.4800158e-001
5.4185707e-001
5.5863847e-001
5.5065060e-001
5.3935724e-001
5.4638288e-001
5.5190552e-001
5.4920195e-001
9.7297195e-001
9.7449730e-001
9.6286470e-001
9.4541319e-001
9.2068806e-001
8.8651149e-001
8.3157309e-001
7.6384051e-001
6.8011521e-001
5.7639901e-001
4.4486185e-001
2.4966260e-001
0.0000000e+000
0.0000000e+000
0.0000000e+000
0.0000000e+000
2.5528724e-001
4.2977113e-001
5.5332501e-001
4.2601708e-001
4.2059215e-001
4.1861166e-001
5.3148412e-001
5.3331207e-001
5.3673701e-001
6.3140863e-001
6.1037244e-001
5.2319439e-001
4.0121135e-001
2.5359405e-001
2.4876544e-001
2.4785098e-001
2.4850222e-001
3.7843642e-001
4.8673207e-001
5.3141268e-001
5.6434991e-001
5.8718106e-001
6.0055242e-001
5.7802902e-001
5.6661771e-001
5.5793851e-001
5.6539837e-001
5.5985048e-001
5.7068377e-001
5.6325964e-001
5.5147242e-001
5.5461399e-001
5.4942434e-001
5.4323603e-001
9.8070016e-001
9.8424904e-001
9.7727156e-001
9.6589486e-001
9.4844336e-001
9.2156105e-001
8.8222722e-001
8.2785154e-001
7.6082235e-001
6.7895484e-001
5.7375000e-001
4.4133058e-001
2.4814623e-001
2.3417687e-001
2.3600385e-001
2.5362722e-001
4.2996877e-001
5.4945348e-001
4.2371123e-001
2.6620063e-001
2.6276218e-001
2.6205497e-001
4.0310742e-001
4.0535423e-001
4.1057583e-001
5.2932057e-001
5.2355415e-001
4.0078826e-001
2.5238814e-001
0.0000000e+000
0.0000000e+000
0.0000000e+000
0.0000000e+000
2.3746307e-001
3.7540160e-001
4.7991429e-001
5.2486850e-001
5.5753213e-001
5.8032405e-001
5.5365744e-001
5.4283398e-001
5.3459303e-001
5.4618389e-001
5.5337635e-001
5.5766472e-001
5.5862208e-001
5.5478206e-001
5.4784045e-001
5.4250387e-001
5.3703452e-001
9.8514582e-001
9.9275199e-001
9.8949860e-001
9.8272585e-001
9.7083733e-001
9.5001473e-001
9.1950436e-001
8.7924831e-001
8.2576168e-001
7.6169109e-001
6.7884221e-001
5.7241068e-001
4.3845791e-001
4.2927536e-001
4.2651204e-001
4.3016798e-001
5.5043397e-001
4.2156036e-001
2.5751998e-001
0.0000000e+000
0.0000000e+000
0.0000000e+000
2.4903160e-001
2.5295012e-001
2.5846044e-001
4.0587468e-001
5.1155417e-001
3.9039583e-001
2.4400512e-001
0.0000000e+000
0.0000000e+000
0.0000000e+000
0.0000000e+000
0.0000000e+000
2.4008411e-001
3.7211514e-001
4.7643064e-001
5.2138485e-001
5.5404848e-001
5.2444885e-001
5.1436021e-001
5.0666706e-001
5.2376368e-001
5.3502028e-001
5.4264680e-001
5.4645153e-001
5.4475018e-001
5.3951385e-001
5.3545117e-001
5.3088051e-001
9.7941181e-001
9.8750388e-001
9.9075607e-001
9.9077661e-001
9.8637558e-001
9.7143787e-001
9.4244225e-001
9.0476204e-001
8.5893238e-001
8.1473337e-001
7.5549570e-001
6.7650371e-001
5.6848302e-001
5.5987395e-001
5.5691096e-001
5.5751770e-001
5.3793297e-001
4.1054168e-001
2.3838027e-001
0.0000000e+000
0.0000000e+000
0.0000000e+000
0.0000000e+000
0.0000000e+000
0.0000000e+000
2.5715341e-001
4.0049138e-001
3.8673576e-001
2.4501608e-001
0.0000000e+000
0.0000000e+000
0.0000000e+000
0.0000000e+000
0.0000000e+000
2.3248394e-001
3.6234898e-001
4.6610940e-001
5.2180285e-001
5.2701749e-001
4.8816801e-001
4.7933989e-001
4.7233149e-001
4.9665229e-001
5.1333110e-001
5.2513027e-001
5.3215223e-001
5.3346622e-001
5.3036149e-001
5.2789118e-001
5.2444390e-001
9.7293766e-001
9.7822522e-001
9.7746293e-001
9.7266109e-001
9.6233227e-001
9.4300202e-001
9.0495969e-001
8.5834720e-001
8.0297909e-001
7.4583843e-001
6.6892090e-001
5.6828900e-001
4.3713919e-001
4.3030515e-001
4.2675900e-001
5.4223950e-001
5.3172597e-001
4.0641189e-001
2.3854723e-001
0.0000000e+000
0.0000000e+000
0.0000000e+000
0.0000000e+000
0.0000000e+000
0.0000000e+000
2.4877039e-001
3.9088178e-001
4.8800827e-001
3.7327865e-001
2.3590239e-001
0.0000000e+000
0.0000000e+000
0.0000000e+000
0.0000000e+000
2.2879790e-001
3.5571413e-001
4.5868117e-001
5.2135626e-001
4.9101025e-001
4.3621843e-001
4.2788108e-001
4.2149515e-001
4.6367695e-001
4.8713350e-001
5.0414851e-001
5.1553399e-001
5.2027516e-001
5.2017693e-001
5.1969707e-001
5.1765401e-001
9.6553834e-001
9.6634171e-001
9.6153987e-001
9.5071003e-001
9.3297148e-001
9.0554021e-001
8.5972255e-001
8.0374318e-001
7.3568793e-001
6.6041311e-001
5.6237429e-001
4.3469252e-001
2.4881403e-001
2.4362043e-001
2.4544741e-001
4.1469921e-001
5.3002315e-001
5.1620061e-001
3.9451023e-001
2.2483992e-001
0.0000000e+000
0.0000000e+000
0.0000000e+000
0.0000000e+000
0.0000000e+000
2.4899855e-001
3.8894395e-001
4.9920299e-001
4.7376750e-001
3.6220678e-001
2.3051909e-001
0.0000000e+000
0.0000000e+000
0.0000000e+000
2.2980887e-001
3.5518540e-001
4.5613782e-001
4.9634516e-001
4.3430935e-001
3.3693612e-001
3.3059312e-001
3.2645968e-001
4.0493802e-001
4.5495839e-001
4.7883518e-001
4.9567508e-001
5.0470022e-001
5.0836012e-001
5.1036833e-001
5.1042255e-001
9.5698254e-001
9.5218069e-001
9.4135086e-001
9.2298604e-001
8.9696387e-001
8.5882579e-001
8.0347268e-001
7.3541743e-001
6.5324587e-001
5.5628191e-001
4.3184148e-001
2.4089744e-001
0.0000000e+000
0.0000000e+000
0.0000000e+000
2.3515530e-001
4.0791237e-001
5.2401913e-001
5.0742873e-001
3.9007187e-001
2.3726967e-001
2.3734150e-001
2.3741335e-001
2.3924033e-001
2.4528202e-001
3.8476483e-001
4.9465378e-001
5.8165051e-001
5.5346371e-001
4.6349897e-001
3.5610028e-001
2.2886618e-001
2.2325475e-001
2.2782013e-001
3.5317131e-001
4.5332067e-001
5.0382742e-001
4.3433064e-001
3.3507862e-001
2.1203046e-001
2.0149824e-001
1.9528191e-001
3.1226270e-001
3.8954265e-001
4.4678438e-001
4.7142333e-001
4.8614543e-001
4.9450298e-001
4.9996330e-001
5.0263910e-001
9.4698115e-001
9.3615132e-001
9.1778650e-001
8.9098149e-001
8.5362625e-001
8.0210466e-001
7.3483225e-001
6.5266069e-001
5.5186520e-001
4.2778982e-001
2.4474165e-001
0.0000000e+000
0.0000000e+000
0.0000000e+000
0.0000000e+000
2.1601559e-001
3.9532797e-001
5.1026560e-001
5.9232657e-001
4.9982316e-001
3.8709141e-001
3.8526751e-001
3.8187791e-001
3.7989745e-001
3.8261396e-001
4.9251002e-001
5.7951242e-001
5.6480099e-001
5.5657788e-001
5.4374162e-001
4.5709693e-001
3.5384829e-001
3.4922753e-001
3.5274823e-001
4.5177627e-001
5.1359736e-001
4.3312473e-001
3.3465553e-001
2.0339831e-001
0.0000000e+000
0.0000000e+000
0.0000000e+000
1.7421734e-001
3.0147499e-001
3.7687615e-001
4.3490071e-001
4.6352383e-001
4.7775345e-001
4.8752888e-001
4.8903479e-001
9.3732345e-001
9.2672964e-001
9.0865985e-001
8.8222362e-001
8.4435081e-001
7.9316081e-001
7.2630287e-001
6.4367087e-001
5.4327838e-001
4.2068528e-001
2.3437770e-001
0.0000000e+000
0.0000000e+000
0.0000000e+000
0.0000000e+000
2.1442740e-001
3.9057194e-001
5.0434042e-001
5.8212639e-001
4.9263974e-001
3.8317008e-001
3.7805828e-001
3.7936571e-001
4.8728836e-001
4.9192484e-001
5.7862119e-001
5.6184862e-001
4.7624233e-001
4.6906358e-001
4.6401414e-001
5.3291801e-001
4.5406215e-001
4.4945109e-001
4.5213604e-001
5.1511653e-001
4.3359547e-001
3.3577279e-001
2.0339831e-001
0.0000000e+000
0.0000000e+000
0.0000000e+000
0.0000000e+000
0.0000000e+000
1.6178493e-001
2.8643533e-001
3.7167659e-001
4.2951741e-001
4.5976657e-001
4.7493591e-001
4.4791373e-001
9.2799132e-001
9.1805060e-001
9.0046150e-001
8.7364759e-001
8.3628121e-001
7.8572426e-001
7.1867909e-001
6.3679158e-001
5.3635117e-001
4.1467670e-001
2.2927919e-001
0.0000000e+000
0.0000000e+000
0.0000000e+000
0.0000000e+000
2.1459435e-001
3.8800784e-001
5.0016878e-001
4.8972338e-001
3.7978403e-001
2.3426021e-001
2.2731144e-001
2.3615904e-001
3.7685650e-001
4.8352662e-001
5.6031529e-001
4.7308071e-001
3.6819446e-001
3.6232114e-001
3.5910948e-001
4.5029655e-001
4.4737642e-001
5.1802597e-001
5.2952591e-001
5.0555055e-001
4.2428844e-001
3.2678945e-001
1.8423381e-001
0.0000000e+000
0.0000000e+000
0.0000000e+000
0.0000000e+000
0.0000000e+000
1.4262043e-001
2.5913268e-001
3.4900376e-001
4.1468428e-001
4.5929325e-001
4.4575473e-001
4.0787941e-001
9.1771492e-001
9.0911910e-001
8.9194756e-001
8.6565561e-001
8.2894169e-001
7.7920030e-001
7.1317458e-001
6.3256140e-001
5.3371388e-001
4.1305198e-001
2.2769099e-001
0.0000000e+000
0.0000000e+000
0.0000000e+000
1.9814079e-001
3.7502909e-001
4.9328267e-001
4.8835536e-001
3.7589150e-001
2.1932302e-001
0.0000000e+000
0.0000000e+000
0.0000000e+000
2.4146710e-001
3.7476665e-001
4.7169290e-001
3.6477127e-001
2.3578505e-001
2.3252209e-001
2.3160766e-001
3.4771307e-001
3.4716306e-001
4.3661803e-001
5.0412933e-001
4.9969208e-001
4.1961578e-001
3.2359908e-001
1.7657889e-001
0.0000000e+000
0.0000000e+000
0.0000000e+000
0.0000000e+000
0.0000000e+000
1.3064938e-001
2.3902359e-001
3.2382283e-001
3.8544595e-001
4.2852824e-001
4.0518072e-001
3.6920360e-001
9.0654132e-001
9.0236478e-001
8.8517656e-001
8.5984230e-001
8.2334695e-001
7.7387878e-001
7.0917312e-001
6.3021001e-001
5.3342509e-001
4.1534145e-001
2.3487857e-001
0.0000000e+000
0.0000000e+000
0.0000000e+000
2.1410410e-001
3.8790100e-001
4.9164006e-001
3.7877178e-001
2.1590782e-001
0.0000000e+000
0.0000000e+000
0.0000000e+000
0.0000000e+000
2.2778904e-001
3.6484390e-001
3.6356536e-001
2.3301345e-001
0.0000000e+000
0.0000000e+000
0.0000000e+000
2.1099883e-001
2.1197606e-001
3.3653006e-001
4.2304075e-001
4.9137086e-001
4.7590375e-001
3.9780804e-001
2.9678834e-001
1.5263690e-001
0.0000000e+000
0.0000000e+000
0.0000000e+000
0.0000000e+000
1.2731060e-001
2.2869759e-001
3.0646839e-001
3.6390748e-001
3.9430012e-001
3.6583014e-001
3.3042747e-001
8.9522476e-001
9.0792588e-001
9.0098190e-001
8.8224943e-001
8.5400631e-001
8.1485342e-001
7.6304187e-001
7.0019639e-001
6.2355851e-001
5.2968012e-001
4.0946171e-001
2.2458643e-001
2.1412737e-001
2.2297497e-001
3.8739844e-001
5.0025118e-001
3.8537444e-001
2.2225949e-001
0.0000000e+000
0.0000000e+000
0.0000000e+000
0.0000000e+000
0.0000000e+000
2.2444569e-001
3.5789591e-001
3.5270323e-001
2.1813799e-001
0.0000000e+000
0.0000000e+000
0.0000000e+000
0.0000000e+000
0.0000000e+000
1.9666622e-001
3.2650754e-001
4.1404180e-001
4.7745278e-001
4.5903403e-001
3.8263859e-001
2.6951833e-001
1.4308179e-001
1.2823343e-001
1.1913980e-001
1.2011703e-001
2.1862673e-001
2.9409563e-001
3.4969323e-001
3.7198227e-001
3.5402778e-001
3.2800902e-001
2.9332427e-001
8.8372951e-001
8.9477838e-001
9.0210957e-001
8.9990880e-001
8.7873096e-001
8.4840969e-001
8.0665910e-001
7.5638984e-001
6.9645076e-001
6.2344588e-001
5.2834080e-001
4.0658900e-001
3.9709331e-001
3.9526941e-001
5.0136783e-001
4.9867855e-001
3.8312347e-001
2.1891615e-001
0.0000000e+000
0.0000000e+000
0.0000000e+000
0.0000000e+000
0.0000000e+000
2.2110235e-001
3.5329646e-001
3.4873003e-001
2.1048307e-001
0.0000000e+000
0.0000000e+000
0.0000000e+000
0.0000000e+000
0.0000000e+000
0.0000000e+000
1.8135639e-001
3.1344460e-001
4.0435184e-001
4.6776284e-001
4.3277516e-001
3.4723915e-001
2.5276978e-001
2.3323622e-001
2.1974504e-001
2.1718802e-001
2.9150597e-001
3.3045616e-001
3.3350467e-001
3.2972724e-001
3.1505439e-001
2.9030123e-001
2.5831230e-001
8.7201088e-001
8.8099445e-001
8.8630946e-001
8.8706622e-001
8.8316116e-001
8.7217219e-001
8.3999121e-001
8.0070542e-001
7.5351714e-001
6.9819243e-001
6.2351566e-001
5.2625094e-001
5.1633639e-001
5.1177643e-001
5.0882313e-001
4.9860896e-001
3.8275130e-001
2.2083825e-001
0.0000000e+000
0.0000000e+000
0.0000000e+000
0.0000000e+000
2.0806713e-001
3.4808194e-001
4.4609723e-001
4.3516031e-001
3.3730829e-001
1.8941839e-001
0.0000000e+000
0.0000000e+000
0.0000000e+000
0.0000000e+000
0.0000000e+000
0.0000000e+000
1.6748526e-001
2.9669605e-001
3.9384844e-001
3.4355617e-001
2.4800316e-001
2.3163467e-001
2.1929456e-001
2.1069492e-001
2.0324635e-001
2.4996098e-001
2.7364605e-001
2.8522700e-001
2.8827550e-001
2.7770466e-001
2.5453344e-001
2.2591438e-001
8.6001305e-001
8.6641499e-001
8.6920976e-001
8.6630672e-001
8.5659787e-001
8.4061282e-001
8.0903842e-001
7.6910173e-001
7.2250894e-001
6.7468254e-001
6.1155158e-001
5.1893895e-001
4.0282013e-001
3.9864771e-001
3.9447529e-001
3.9359860e-001
4.8602705e-001
3.7257188e-001
2.0537580e-001
0.0000000e+000
0.0000000e+000
0.0000000e+000
2.0760565e-001
3.4958856e-001
4.4674786e-001
5.0464490e-001
4.2485737e-001
3.2507875e-001
1.7554726e-001
1.6357633e-001
0.0000000e+000
0.0000000e+000
0.0000000e+000
0.0000000e+000
1.4975948e-001
2.7198305e-001
3.3751355e-001
2.4339938e-001
1.3352680e-001
1.2443317e-001
1.1677825e-001
1.1200076e-001
1.0866186e-001
1.7482539e-001
2.1220214e-001
2.3444862e-001
2.4602945e-001
2.4238461e-001
2.2119080e-001
1.9678399e-001
8.4766620e-001
8.5084110e-001
8.5048557e-001
8.4202926e-001
8.2604421e-001
8.0319246e-001
7.6466487e-001
7.1666298e-001
6.5936240e-001
5.9573043e-001
5.1296774e-001
3.9912091e-001
2.3234670e-001
2.3241853e-001
2.3249038e-001
2.2980423e-001
3.8044285e-001
4.7632349e-001
3.6599039e-001
2.1429523e-001
2.1085676e-001
2.1970436e-001
3.5213471e-001
4.4929401e-001
5.2470344e-001
5.6002429e-001
4.9379642e-001
4.1509028e-001
3.0011075e-001
1.6167614e-001
0.0000000e+000
0.0000000e+000
0.0000000e+000
0.0000000e+000
1.3922725e-001
2.5158619e-001
2.3764453e-001
1.2777195e-001
0.0000000e+000
0.0000000e+000
0.0000000e+000
0.0000000e+000
0.0000000e+000
9.0474710e-002
1.4496584e-001
1.8234247e-001
2.0458894e-001
2.0780303e-001
1.9087957e-001
1.6993958e-001
8.3390455e-001
8.3402418e-001
8.2875225e-001
8.1433287e-001
7.9148111e-001
7.5906744e-001
7.1184838e-001
6.5376497e-001
5.8307968e-001
4.9969073e-001
3.9125053e-001
2.2091981e-001
0.0000000e+000
0.0000000e+000
0.0000000e+000
0.0000000e+000
2.1424665e-001
3.6871195e-001
4.6692645e-001
3.6233486e-001
3.5847557e-001
3.5978301e-001
4.5387708e-001
5.2928651e-001
5.8729605e-001
6.0314531e-001
5.4839106e-001
4.8402693e-001
3.8817812e-001
2.7773228e-001
1.4924372e-001
0.0000000e+000
0.0000000e+000
0.0000000e+000
1.2869491e-001
2.2975074e-001
2.1235612e-001
1.1292359e-001
0.0000000e+000
0.0000000e+000
0.0000000e+000
0.0000000e+000
0.0000000e+000
0.0000000e+000
7.2287450e-002
1.2677858e-001
1.6415533e-001
1.7594322e-001
1.6435749e-001
1.4775121e-001
8.2153000e-001
8.1783056e-001
8.0739166e-001
7.8453991e-001
7.5212623e-001
7.0873869e-001
6.5065529e-001
5.7997000e-001
4.9353235e-001
3.8082647e-001
2.1300322e-001
0.0000000e+000
0.0000000e+000
0.0000000e+000
0.0000000e+000
0.0000000e+000
0.0000000e+000
2.0822891e-001
3.6174911e-001
4.6152926e-001
4.5894092e-001
4.5923453e-001
5.3297462e-001
5.9098416e-001
6.3429095e-001
6.2874916e-001
5.8326631e-001
5.2686088e-001
4.4748904e-001
3.5784286e-001
2.5535394e-001
1.3681131e-001
1.2771768e-001
1.2581749e-001
2.2601014e-001
2.7569975e-001
1.9569987e-001
1.0526868e-001
0.0000000e+000
0.0000000e+000
0.0000000e+000
0.0000000e+000
0.0000000e+000
0.0000000e+000
5.8877800e-002
1.0407983e-001
1.3546393e-001
1.4928377e-001
1.4257189e-001
1.3138272e-001
8.1088935e-001
8.0241606e-001
7.8797546e-001
7.6607573e-001
7.3485207e-001
6.9197353e-001
6.3452636e-001
5.6463636e-001
4.7919283e-001
3.5828120e-001
1.9462756e-001
0.0000000e+000
0.0000000e+000
0.0000000e+000
0.0000000e+000
0.0000000e+000
0.0000000e+000
1.9862899e-001
3.5354495e-001
4.5266957e-001
5.3121693e-001
5.3493373e-001
5.9317346e-001
6.3726309e-001
6.6959052e-001
6.4848704e-001
6.0983057e-001
5.5503947e-001
4.9048256e-001
4.1755672e-001
3.3776641e-001
2.4579883e-001
2.3230776e-001
2.2601014e-001
2.9994791e-001
2.5702171e-001
1.8192104e-001
9.7613760e-002
0.0000000e+000
0.0000000e+000
0.0000000e+000
0.0000000e+000
0.0000000e+000
0.0000000e+000
5.1222880e-002
8.7423580e-002
1.1304530e-001
1.2732650e-001
1.2850530e-001
1.2228909e-001