0.0000000e+000
6.9365600e-003
1.9422640e-002
3.6348070e-002
5.6825010e-002
8.0143320e-002
1.0417544e-001
1.2877878e-001
1.2311229e-001
9.2844480e-002
5.0537520e-002
0.0000000e+000
0.0000000e+000
0.0000000e+000
0.0000000e+000
0.0000000e+000
0.0000000e+000
6.1280080e-002
1.1528620e-001
1.6256413e-001
2.0355038e-001
2.3791848e-001
2.2820741e-001
2.1759646e-001
2.0648795e-001
1.9475749e-001
1.8193595e-001
1.6974058e-001
1.5739880e-001
1.4515812e-001
1.3468623e-001
1.2487651e-001
1.1512008e-001
1.0620471e-001
9.7566200e-002
9.0048220e-002
8.4705280e-002
6.2681800e-002
0.0000000e+000
0.0000000e+000
0.0000000e+000
0.0000000e+000
0.0000000e+000
0.0000000e+000
1.6209640e-002
1.1957280e-002
7.2233300e-003
3.0372300e-003
1.0847200e-003
0.0000000e+000
5.0707300e-003
1.6064120e-002
2.9929480e-002
4.7958570e-002
7.1184260e-002
9.6701540e-002
1.2249279e-001
1.4850335e-001
1.4198767e-001
1.0855738e-001
6.2297310e-002
0.0000000e+000
0.0000000e+000
0.0000000e+000
0.0000000e+000
0.0000000e+000
0.0000000e+000
6.8494280e-002
1.2645352e-001
1.7507570e-001
1.9350902e-001
2.0370169e-001
2.3399466e-001
2.2299377e-001
2.1139783e-001
1.9937175e-001
1.8528983e-001
1.7133129e-001
1.5793770e-001
1.4525024e-001
1.3253528e-001
7.1850420e-002
6.8645820e-002
6.9986810e-002
1.0197761e-001
9.4206580e-002
8.7772920e-002
6.7168650e-002
0.0000000e+000
0.0000000e+000
0.0000000e+000
0.0000000e+000
0.0000000e+000
0.0000000e+000
2.1315790e-002
1.8282490e-002
1.0848740e-002
5.5154200e-003
2.8076600e-003
7.8514000e-004
1.4198300e-002
2.8436780e-002
4.6764330e-002
6.6497260e-002
8.9220290e-002
1.1620109e-001
1.4129751e-001
1.6675215e-001
1.7412792e-001
1.5096138e-001
1.1844020e-001
6.9948020e-002
0.0000000e+000
0.0000000e+000
0.0000000e+000
0.0000000e+000
7.2544570e-002
1.3141298e-001
1.7821693e-001
1.4161808e-001
1.4440387e-001
1.5318983e-001
2.0953417e-001
2.3138705e-001
2.2036637e-001
2.0843879e-001
1.9485707e-001
1.8193448e-001
1.6791153e-001
1.3752626e-001
7.4623140e-002
0.0000000e+000
0.0000000e+000
0.0000000e+000
7.4685590e-002
1.0228370e-001
9.5132180e-002
7.2344680e-002
0.0000000e+000
0.0000000e+000
0.0000000e+000
0.0000000e+000
0.0000000e+000
0.0000000e+000
2.7919270e-002
2.0170280e-002
1.2988560e-002
7.5894800e-003
4.4187900e-003
2.1984400e-003
2.6570960e-002
4.3406010e-002
6.1944700e-002
8.3712380e-002
1.0992898e-001
1.3783882e-001
1.6367862e-001
1.8972774e-001
2.0614515e-001
1.9209883e-001
1.6965957e-001
1.3402970e-001
7.9416970e-002
8.0762650e-002
8.2108280e-002
8.2958670e-002
1.4143085e-001
1.8805301e-001
1.3896974e-001
8.0159250e-002
7.9686700e-002
8.5577910e-002
1.5720414e-001
2.1675989e-001
2.2806338e-001
2.1575942e-001
2.0265195e-001
1.9032216e-001
1.4251717e-001
7.7395860e-002
0.0000000e+000
0.0000000e+000
0.0000000e+000
0.0000000e+000
8.1679850e-002
1.1410010e-001
1.0622215e-001
8.2066280e-002
0.0000000e+000
0.0000000e+000
0.0000000e+000
0.0000000e+000
0.0000000e+000
3.6657090e-002
2.9129680e-002
2.2224900e-002
1.5336870e-002
9.9242400e-003
6.7366000e-003
4.1142000e-003
4.7396540e-002
6.5935230e-002
8.7702910e-002
1.1018786e-001
1.3809790e-001
1.6922836e-001
1.9341165e-001
2.1962866e-001
2.3784413e-001
2.3109388e-001
2.1762936e-001
1.9138026e-001
1.4994484e-001
1.5236700e-001
1.5478920e-001
1.5541077e-001
2.0080681e-001
1.4552749e-001
7.2922410e-002
0.0000000e+000
0.0000000e+000
0.0000000e+000
8.8958450e-002
1.6461199e-001
2.2738964e-001
2.2551633e-001
2.1273416e-001
1.5652087e-001
8.3958310e-002
7.6744100e-002
0.0000000e+000
0.0000000e+000
0.0000000e+000
0.0000000e+000
8.8674100e-002
1.1723930e-001
1.0651801e-001
9.7075250e-002
8.6391920e-002
7.9930490e-002
6.9762670e-002
5.8415030e-002
4.8189440e-002
3.9747040e-002
3.2772210e-002
2.5796620e-002
1.8439350e-002
1.2820890e-002
9.3759500e-003
6.4319700e-003
7.3118430e-002
9.3020280e-002
1.1737106e-001
1.4229570e-001
1.6969451e-001
2.0340133e-001
2.2625961e-001
2.5261086e-001
2.6837932e-001
2.6746596e-001
2.6118122e-001
2.2204637e-001
2.1063401e-001
2.1300832e-001
2.1629169e-001
2.1673027e-001
1.6273056e-001
8.9638280e-002
0.0000000e+000
0.0000000e+000
0.0000000e+000
0.0000000e+000
8.9588890e-002
1.6938330e-001
2.3547359e-001
2.3739710e-001
1.7409589e-001
9.2712070e-002
0.0000000e+000
0.0000000e+000
0.0000000e+000
0.0000000e+000
0.0000000e+000
0.0000000e+000
1.0021394e-001
1.2775665e-001
1.1672698e-001
1.0661487e-001
9.8944860e-002
9.1024150e-002
8.0757750e-002
6.8840440e-002
5.7902710e-002
4.8286300e-002
4.1312060e-002
3.4171030e-002
2.5588890e-002
1.8536260e-002
1.4385910e-002
1.1245560e-002
1.0275741e-001
1.2374966e-001
1.5016700e-001
1.7517753e-001
2.0403313e-001
2.3793519e-001
2.6159950e-001
2.8560533e-001
2.8327373e-001
2.6701376e-001
2.2405854e-001
1.6589236e-001
1.6213255e-001
1.6728210e-001
2.2782557e-001
2.3150644e-001
1.6968374e-001
9.2996070e-002
0.0000000e+000
0.0000000e+000
0.0000000e+000
0.0000000e+000
0.0000000e+000
1.0197912e-001
1.8672629e-001
1.9311600e-001
1.0601142e-001
0.0000000e+000
0.0000000e+000
0.0000000e+000
0.0000000e+000
0.0000000e+000
0.0000000e+000
1.0746556e-001
1.5040424e-001
1.3852064e-001
1.2724429e-001
1.1690134e-001
1.0998020e-001
1.0316307e-001
9.3860170e-002
8.1463830e-002
6.9241930e-002
5.8077080e-002
5.1103300e-002
4.3996090e-002
3.4267930e-002
2.5763290e-002
2.1048620e-002
1.7751200e-002
1.3552989e-001
1.5739468e-001
1.8546506e-001
2.1054434e-001
2.4056562e-001
2.7648977e-001
2.9629271e-001
2.9465557e-001
2.7176032e-001
2.2799384e-001
1.6881364e-001
9.1502570e-002
8.7393560e-002
9.3284770e-002
1.7107646e-001
2.3597840e-001
1.7881879e-001
9.9081210e-002
0.0000000e+000
0.0000000e+000
0.0000000e+000
0.0000000e+000
0.0000000e+000
1.0806426e-001
1.9858868e-001
2.0425112e-001
1.1118744e-001
0.0000000e+000
0.0000000e+000
0.0000000e+000
0.0000000e+000
0.0000000e+000
1.1424789e-001
1.7447974e-001
1.6171843e-001
1.4972568e-001
1.3831291e-001
1.2778530e-001
1.2207246e-001
9.3796730e-002
8.4764350e-002
8.1559700e-002
8.3100380e-002
6.9478320e-002
6.1895700e-002
5.4363100e-002
4.3811300e-002
3.4199680e-002
2.9033570e-002
2.5610470e-002
1.7080959e-001
1.9337207e-001
2.2276502e-001
2.4789938e-001
2.7885296e-001
3.0797960e-001
3.0640831e-001
2.8276258e-001
2.3695873e-001
1.7802179e-001
9.9878550e-002
0.0000000e+000
0.0000000e+000
0.0000000e+000
9.4351780e-002
1.7704736e-001
2.4454946e-001
1.8352227e-001
1.0356475e-001
0.0000000e+000
0.0000000e+000
0.0000000e+000
0.0000000e+000
1.1414940e-001
2.1317842e-001
2.2338639e-001
1.2181817e-001
0.0000000e+000
0.0000000e+000
0.0000000e+000
1.1787100e-001
1.2103022e-001
1.9238893e-001
1.7954541e-001
1.6783062e-001
1.5714602e-001
1.4736841e-001
1.3758222e-001
9.9133980e-002
0.0000000e+000
0.0000000e+000
0.0000000e+000
0.0000000e+000
8.2167930e-002
7.3488970e-002
6.4916470e-002
5.3684580e-002
4.3603570e-002
3.8380910e-002
3.4552700e-002
2.0809466e-001
2.3308132e-001
2.6166661e-001
2.8871066e-001
3.1312909e-001
3.1896067e-001
3.1715556e-001
2.9618768e-001
2.4613359e-001
1.8188399e-001
1.0050900e-001
0.0000000e+000
0.0000000e+000
0.0000000e+000
9.0436650e-002
1.7454575e-001
2.4681509e-001
2.5625109e-001
1.9431994e-001
1.1099557e-001
0.0000000e+000
0.0000000e+000
0.0000000e+000
1.2568924e-001
2.3122278e-001
2.9657150e-001
2.2990340e-001
1.3015341e-001
1.2785793e-001
1.2828980e-001
2.2301845e-001
2.1117402e-001
1.9808642e-001
1.8606653e-001
1.7500060e-001
1.6512710e-001
1.5598253e-001
1.1356239e-001
0.0000000e+000
0.0000000e+000
0.0000000e+000
0.0000000e+000
0.0000000e+000
9.4593780e-002
8.5722980e-002
7.6390580e-002
6.4708740e-002
5.3781440e-002
4.8513550e-002
4.4361190e-002
2.4884983e-001
2.7391014e-001
3.0184915e-001
3.1957675e-001
3.2464528e-001
3.3040029e-001
3.2840815e-001
3.1179459e-001
2.5803586e-001
1.9029177e-001
1.0568502e-001
0.0000000e+000
0.0000000e+000
0.0000000e+000
0.0000000e+000
1.0555422e-001
1.9497972e-001
2.7150222e-001
2.7413830e-001
2.0973355e-001
1.2228275e-001
1.1999197e-001
1.2588318e-001
2.3323495e-001
3.1939963e-001
3.0874371e-001
2.9411902e-001
2.4308862e-001
2.3895674e-001
2.3791586e-001
2.3740945e-001
2.2360339e-001
2.0992390e-001
1.9716419e-001
1.8555421e-001
1.7509750e-001
1.6552859e-001
1.1873841e-001
0.0000000e+000
0.0000000e+000
0.0000000e+000
0.0000000e+000
0.0000000e+000
1.0249716e-001
9.7860340e-002
8.8141310e-002
7.6078670e-002
6.4578510e-002
5.9274440e-002
5.5167390e-002
2.9051569e-001
3.1563454e-001
3.2701295e-001
3.3136837e-001
3.3651298e-001
3.4251135e-001
3.4006496e-001
3.3047799e-001
2.7492005e-001
2.0379055e-001
1.1267928e-001
0.0000000e+000
0.0000000e+000
0.0000000e+000
0.0000000e+000
1.0982119e-001
2.0447840e-001
2.8518634e-001
3.4316901e-001
2.9390000e-001
2.2528500e-001
2.2661624e-001
2.3540221e-001
3.2535663e-001
3.3399283e-001
3.2178806e-001
3.0710606e-001
2.9271241e-001
2.7867923e-001
2.6471589e-001
2.5083981e-001
2.3631131e-001
2.2210957e-001
2.0869705e-001
1.9665183e-001
1.8572858e-001
1.7551557e-001
1.3118737e-001
0.0000000e+000
0.0000000e+000
0.0000000e+000
0.0000000e+000
0.0000000e+000
1.1494611e-001
1.0961578e-001
1.0014701e-001
8.7767380e-002
7.5870940e-002
7.0537920e-002
6.6467140e-002
3.3052660e-001
3.3443341e-001
3.3918696e-001
3.4376105e-001
3.4866187e-001
3.5485497e-001
3.5234980e-001
3.5021464e-001
2.9373156e-001
2.1856213e-001
1.2240089e-001
0.0000000e+000
0.0000000e+000
0.0000000e+000
0.0000000e+000
1.1499722e-001
2.1652264e-001
3.0090686e-001
3.7066902e-001
3.2228323e-001
2.4215624e-001
2.4730580e-001
2.5063706e-001
2.5560477e-001
2.6602712e-001
3.3564894e-001
3.2073292e-001
3.0642750e-001
2.9250468e-001
2.7877608e-001
2.6526283e-001
2.5064088e-001
2.3556075e-001
2.2143105e-001
2.0848932e-001
1.9674591e-001
1.8555072e-001
1.7713015e-001
1.3406791e-001
0.0000000e+000
0.0000000e+000
0.0000000e+000
1.2210159e-001
1.2747440e-001
1.1783998e-001
1.0753991e-001
9.6407790e-002
8.5690040e-002
8.0333830e-002
7.6292040e-002
3.4308232e-001
3.4699292e-001
3.5158094e-001
3.5632999e-001
3.6103578e-001
3.6708002e-001
3.6452780e-001
3.6257623e-001
3.5995231e-001
3.0339444e-001
2.2822502e-001
1.2911653e-001
0.0000000e+000
0.0000000e+000
0.0000000e+000
1.2926440e-001
2.3765798e-001
3.2571854e-001
3.2793180e-001
2.3874253e-001
1.3690177e-001
1.3824745e-001
1.3959308e-001
1.4184788e-001
1.4864820e-001
2.7618530e-001
3.3472672e-001
3.2022056e-001
3.0652440e-001
2.9328826e-001
2.6076625e-001
1.4258477e-001
1.3756195e-001
1.4435757e-001
2.1890114e-001
2.0596736e-001
1.9452059e-001
1.8417100e-001
1.7481214e-001
1.4240316e-001
1.3828945e-001
1.3471171e-001
1.4011196e-001
1.3205485e-001
1.2372639e-001
1.1467800e-001
1.0434899e-001
9.4635080e-002
8.9260360e-002
8.5241760e-002
3.5639091e-001
3.5999995e-001
3.6445548e-001
3.6903988e-001
3.7389429e-001
3.7981944e-001
3.7722962e-001
3.7512026e-001
3.7333829e-001
3.7643636e-001
3.1896944e-001
2.4144215e-001
1.3676725e-001
1.3538558e-001
1.3764032e-001
2.4512485e-001
3.3227623e-001
3.3737205e-001
2.4348204e-001
1.2784665e-001
0.0000000e+000
0.0000000e+000
0.0000000e+000
0.0000000e+000
0.0000000e+000
1.6062455e-001
2.9228343e-001
3.3390977e-001
3.2069959e-001
2.6736135e-001
1.4422844e-001
0.0000000e+000
0.0000000e+000
0.0000000e+000
1.5178370e-001
2.1638574e-001
2.0346353e-001
1.9241199e-001
1.8255646e-001
1.7305361e-001
1.6399167e-001
1.5624231e-001
1.4829863e-001
1.4076313e-001
1.3331520e-001
1.2529136e-001
1.1477490e-001
1.0444589e-001
9.9056310e-002
9.5056310e-002
3.7030178e-001
3.7366951e-001
3.7832372e-001
3.8277639e-001
3.8744507e-001
3.9327497e-001
3.9035042e-001
3.8841951e-001
3.8644584e-001
3.9390245e-001
3.9765008e-001
3.3829692e-001
2.5590264e-001
2.5523386e-001
2.5838334e-001
3.4571657e-001
3.5929230e-001
2.6268520e-001
1.4365345e-001
0.0000000e+000
0.0000000e+000
0.0000000e+000
0.0000000e+000
0.0000000e+000
0.0000000e+000
1.6398240e-001
3.0105485e-001
3.4782051e-001
2.8645611e-001
1.5260906e-001
0.0000000e+000
0.0000000e+000
0.0000000e+000
0.0000000e+000
1.5423238e-001
2.2763012e-001
2.1381977e-001
2.0203884e-001
1.9127156e-001
1.8139057e-001
1.7223666e-001
1.6494743e-001
1.5719811e-001
1.5038455e-001
1.4364105e-001
1.3643682e-001
1.2607499e-001
1.1525390e-001
1.1015709e-001
1.0617193e-001
3.8469447e-001
3.8817383e-001
3.9268232e-001
3.9702961e-001
4.0154972e-001
4.0730341e-001
4.0411108e-001
4.0171366e-001
3.9958667e-001
4.0725094e-001
4.1625768e-001
4.2095675e-001
3.5547788e-001
3.5628851e-001
3.6197198e-001
3.8736953e-001
3.7534007e-001
2.7400211e-001
1.4792036e-001
0.0000000e+000
0.0000000e+000
0.0000000e+000
0.0000000e+000
0.0000000e+000
0.0000000e+000
1.7734047e-001
3.1873551e-001
3.0783993e-001
1.6772663e-001
0.0000000e+000
0.0000000e+000
0.0000000e+000
0.0000000e+000
0.0000000e+000
1.6213581e-001
2.3840093e-001
2.2472641e-001
2.1235367e-001
2.0122736e-001
1.9089763e-001
1.8118284e-001
1.7456629e-001
1.6697243e-001
1.6073646e-001
1.5486111e-001
1.4831256e-001
1.3807443e-001
1.2685967e-001
1.2199710e-001
1.1832844e-001
3.9947259e-001
4.0304123e-001
4.0743319e-001
4.1169618e-001
4.1640203e-001
4.2179013e-001
4.1838359e-001
4.1561297e-001
4.1336331e-001
4.2119373e-001
4.2979349e-001
3.7469502e-001
2.7627244e-001
2.7287626e-001
2.7693485e-001
2.8844817e-001
3.9480030e-001
2.9331922e-001
1.6218755e-001
0.0000000e+000
0.0000000e+000
0.0000000e+000
1.6302459e-001
1.6800668e-001
1.7844352e-001
3.2711619e-001
3.8758211e-001
3.1861136e-001
1.7017537e-001
0.0000000e+000
0.0000000e+000
0.0000000e+000
0.0000000e+000
0.0000000e+000
1.7458476e-001
2.4937224e-001
2.3588365e-001
2.2374326e-001
2.1214594e-001
2.0132426e-001
1.9099453e-001
1.8491613e-001
1.7775128e-001
1.7197734e-001
1.6679655e-001
1.6107715e-001
1.5063339e-001
1.3940832e-001
1.3473308e-001
1.3131763e-001
4.1486371e-001
4.1850377e-001
4.2280250e-001
4.2669342e-001
4.3124326e-001
4.3664351e-001
4.3306559e-001
4.2999642e-001
4.2764862e-001
4.3530733e-001
3.7863032e-001
2.7919372e-001
1.5383494e-001
1.4790770e-001
1.5016244e-001
1.6059929e-001
2.9678811e-001
4.0521887e-001
3.0347740e-001
1.7234566e-001
1.7187311e-001
1.7412786e-001
3.0862054e-001
3.1849746e-001
3.3182901e-001
4.0831075e-001
3.9922705e-001
3.3720120e-001
1.8353344e-001
0.0000000e+000
0.0000000e+000
0.0000000e+000
0.0000000e+000
1.7638163e-001
2.7385474e-001
2.5997092e-001
2.4733660e-001
2.3512177e-001
2.2343135e-001
2.1201572e-001
2.0149866e-001
1.9585079e-001
1.8933374e-001
1.8423407e-001
1.7960886e-001
1.7424823e-001
1.6394455e-001
1.5271119e-001
1.4818586e-001
1.4497297e-001
4.3044059e-001
4.3413780e-001
4.3836193e-001
4.4225983e-001
4.4638024e-001
4.5179020e-001
4.4807519e-001
4.4476717e-001
4.4203624e-001
3.8632240e-001
2.8567453e-001
1.5766534e-001
0.0000000e+000
0.0000000e+000
0.0000000e+000
0.0000000e+000
1.6712094e-001
3.0943627e-001
4.2350351e-001
3.1994381e-001
3.2091142e-001
3.2587913e-001
4.1954809e-001
4.1894750e-001
4.1873954e-001
4.1998608e-001
4.0635201e-001
3.9326832e-001
3.4280910e-001
1.9005045e-001
1.8593674e-001
1.8636861e-001
1.8861866e-001
3.0089256e-001
2.8611008e-001
2.7273320e-001
2.6006782e-001
2.4743346e-001
2.3552326e-001
2.2383284e-001
2.1316595e-001
2.0786251e-001
2.0216830e-001
1.9730342e-001
1.9312274e-001
1.8835366e-001
1.7785744e-001
1.6692215e-001
1.6251674e-001
1.5946584e-001
4.4616610e-001
4.4990901e-001
4.5407347e-001
4.5797695e-001
4.6205842e-001
4.6747616e-001
4.6334686e-001
4.5984776e-001
4.5711495e-001
3.9546094e-001
2.9062768e-001
1.5738667e-001
0.0000000e+000
0.0000000e+000
0.0000000e+000
0.0000000e+000
1.6684233e-001
3.1257119e-001
4.3595459e-001
4.3622053e-001
4.3391859e-001
4.3229411e-001
4.4949148e-001
4.4682273e-001
4.4215998e-001
4.3006585e-001
4.1601404e-001
4.0202739e-001
3.8812220e-001
3.5363060e-001
3.4804413e-001
3.4443663e-001
3.2892316e-001
3.1349019e-001
2.9930018e-001
2.8590235e-001
2.7290756e-001
2.6024223e-001
2.4815616e-001
2.3655055e-001
2.2606838e-001
2.2104045e-001
2.1569998e-001
2.1132752e-001
2.0750242e-001
2.0320662e-001
1.9255639e-001
1.8155488e-001
1.7754999e-001
1.7432414e-001
4.6231510e-001
4.6609459e-001
4.6990670e-001
4.7411924e-001
4.7816958e-001
4.8328893e-001
4.7882819e-001
4.7517622e-001
4.7244191e-001
4.0699952e-001
3.0085363e-001
1.6710828e-001
0.0000000e+000
0.0000000e+000
0.0000000e+000
0.0000000e+000
1.7565482e-001
3.2388811e-001
4.5018419e-001
4.7271902e-001
4.6852665e-001
4.6478995e-001
4.7136699e-001
4.6346051e-001
4.5337952e-001
4.4153335e-001
4.2741072e-001
4.1333555e-001
3.9931971e-001
3.8537804e-001
3.7152906e-001
3.5741522e-001
3.4258944e-001
3.2763538e-001
3.1328246e-001
2.9939709e-001
2.8644336e-001
2.7375321e-001
2.6183111e-001
2.5029333e-001
2.3965434e-001
2.3515144e-001
2.3009393e-001
2.2611538e-001
2.2257480e-001
2.1865760e-001
2.0788414e-001
1.9713428e-001
1.9314521e-001
1.8977937e-001
4.7880292e-001
4.8261166e-001
4.8644650e-001
4.9060169e-001
4.9462711e-001
4.9920313e-001
4.9447724e-001
4.9070299e-001
4.8796747e-001
4.9527405e-001
4.1302599e-001
3.0869828e-001
1.7159187e-001
0.0000000e+000
0.0000000e+000
0.0000000e+000
1.8537642e-001
3.4047787e-001
4.6362715e-001
4.9665360e-001
4.9445810e-001
4.8839068e-001
4.8160657e-001
4.7442870e-001
4.6551122e-001
4.5457383e-001
4.4039286e-001
4.2662554e-001
4.1261374e-001
3.9867712e-001
3.8483445e-001
3.7072848e-001
3.5629334e-001
3.4182757e-001
3.2732347e-001
3.1315223e-001
3.0053600e-001
2.8782598e-001
2.7603504e-001
2.6485617e-001
2.5439630e-001
2.5000885e-001
2.4548226e-001
2.4181895e-001
2.3850591e-001
2.3489162e-001
2.2401957e-001
2.1316641e-001
2.0949464e-001
2.0601680e-001
4.9556178e-001
4.9939393e-001
5.0324695e-001
5.0735626e-001
5.1136175e-001
5.1580772e-001
5.1086971e-001
5.0699763e-001
5.0395653e-001
5.1136599e-001
5.0884897e-001
4.2896457e-001
3.2153419e-001
1.8469728e-001
1.8422467e-001
1.8920682e-001
3.4612650e-001
4.6805269e-001
5.0064598e-001
5.0762317e-001
5.0503316e-001
4.9873297e-001
4.9245299e-001
4.8585802e-001
4.7787136e-001
4.6822860e-001
4.5414287e-001
4.4011382e-001
4.2615563e-001
4.1228601e-001
3.9852711e-001
3.8452583e-001
3.7022163e-001
3.5591945e-001
3.4161984e-001
3.2742037e-001
3.1476947e-001
3.0234822e-001
2.9096680e-001
2.8007506e-001
2.6975850e-001
2.6546337e-001
2.6136158e-001
2.5825497e-001
2.5542864e-001
2.5205666e-001
2.4110576e-001
2.2986533e-001
2.2614277e-001
2.2257535e-001
5.1284209e-001
5.1638834e-001
5.2056053e-001
5.2463313e-001
5.2862267e-001
5.3296460e-001
4.9636039e-001
5.0535835e-001
5.1515632e-001
5.2763832e-001
5.3537041e-001
5.2809389e-001
4.4848232e-001
3.4217665e-001
3.4496249e-001
3.5302118e-001
4.7632659e-001
5.0848466e-001
5.2073868e-001
5.1908831e-001
5.1585901e-001
5.0996617e-001
5.0408951e-001
4.9796085e-001
4.9071884e-001
4.8245656e-001
4.6832548e-001
4.5454436e-001
4.4051531e-001
4.2655713e-001
4.1268751e-001
3.9892861e-001
3.8492736e-001
3.7062312e-001
3.5632094e-001
3.4209883e-001
3.2972488e-001
3.1722995e-001
3.0617618e-001
2.9551413e-001
2.8561686e-001
2.8170021e-001
2.7824285e-001
2.7588625e-001
2.7344925e-001
2.6996652e-001
2.5864792e-001
2.4740232e-001
2.4333449e-001
2.3939078e-001
5.3023493e-001
5.3385710e-001
5.3828461e-001
5.4232785e-001
5.4218671e-001
4.8839445e-001
4.1234479e-001
4.1850103e-001
4.2793004e-001
4.4589631e-001
5.4143088e-001
5.5862663e-001
5.3354970e-001
4.7424534e-001
4.8054699e-001
4.8693244e-001
5.1977177e-001
5.3735491e-001
5.3308817e-001
5.3091519e-001
5.2747907e-001
5.2191212e-001
5.1635811e-001
5.1090711e-001
5.0395621e-001
4.9679832e-001
4.8293557e-001
4.6935279e-001
4.5526705e-001
4.4123801e-001
4.2758443e-001
4.1371482e-001
3.9965131e-001
3.8565006e-001
3.7134582e-001
3.5741025e-001
3.4495319e-001
3.3270399e-001
3.2191231e-001
3.1173864e-001
3.0217676e-001
1.9318773e-001
1.8233706e-001
1.7421374e-001
2.9265279e-001
2.8877686e-001
2.7716411e-001
2.6530512e-001
2.6065647e-001
2.5249203e-001
5.4802244e-001
5.5170532e-001
5.5633710e-001
5.3499537e-001
4.7840305e-001
4.0441775e-001
3.0426448e-001
3.0686848e-001
3.1583629e-001
3.3154919e-001
4.5465008e-001
5.4886119e-001
5.6625985e-001
5.3874559e-001
5.3507514e-001
5.3233614e-001
5.5217647e-001
5.4988860e-001
5.4562253e-001
5.4333608e-001
5.3973450e-001
5.3442826e-001
5.2913237e-001
5.2391888e-001
5.1811471e-001
5.1153571e-001
4.9788763e-001
4.8446353e-001
4.7063706e-001
4.5655132e-001
4.4307058e-001
4.2941700e-001
4.1499909e-001
4.0124019e-001
3.8662967e-001
3.7292338e-001
3.6070443e-001
3.4865181e-001
3.3806979e-001
3.2828684e-001
2.0194149e-001
0.0000000e+000
0.0000000e+000
0.0000000e+000
1.5705804e-001
1.5748991e-001
1.5701267e-001
2.7915159e-001
2.7180808e-001
2.6395319e-001
5.6582105e-001
5.6985712e-001
5.3041758e-001
4.7309795e-001
3.9674899e-001
2.9752242e-001
1.6837599e-001
1.6881250e-001
1.7379459e-001
1.8555437e-001
3.4121207e-001
4.7204325e-001
5.5676474e-001
5.7303971e-001
5.6938291e-001
5.6462274e-001
5.6592928e-001
5.6317955e-001
5.5891401e-001
5.5623217e-001
5.5249822e-001
5.4740055e-001
5.4261577e-001
5.3759230e-001
5.3270550e-001
5.2658963e-001
5.1341789e-001
5.0012072e-001
4.8650166e-001
4.7267519e-001
4.5933271e-001
4.4554736e-001
4.3115053e-001
4.1728091e-001
4.0303463e-001
3.8951168e-001
3.7717866e-001
3.6558791e-001
3.5486902e-001
3.4539861e-001
1.9984465e-001
0.0000000e+000
0.0000000e+000
0.0000000e+000
0.0000000e+000
0.0000000e+000
0.0000000e+000
1.6191002e-001
2.8289273e-001
2.7513943e-001
5.6883916e-001
5.2837942e-001
4.7105983e-001
3.9380169e-001
2.9275696e-001
1.6311522e-001
0.0000000e+000
0.0000000e+000
0.0000000e+000
0.0000000e+000
1.9248990e-001
3.5460515e-001
4.9109767e-001
5.6372801e-001
5.8493169e-001
5.8024083e-001
5.8043338e-001
5.7707630e-001
5.7281119e-001
5.6950842e-001
5.6597320e-001
5.6104237e-001
5.5666648e-001
5.5209964e-001
5.4764213e-001
5.4250598e-001
5.2941070e-001
5.1621509e-001
5.0074221e-001
4.8975212e-001
4.7652026e-001
4.6262948e-001
4.4794490e-001
4.3429133e-001
4.2033642e-001
4.0696018e-001
3.9453590e-001
3.8331462e-001
3.7279088e-001
3.5530908e-001
2.0320244e-001
0.0000000e+000
0.0000000e+000
0.0000000e+000
0.0000000e+000
0.0000000e+000
0.0000000e+000
1.5799494e-001
2.8899514e-001
2.8585477e-001
5.7214667e-001
5.2945295e-001
4.7047722e-001
3.9228545e-001
2.9007349e-001
1.6010921e-001
0.0000000e+000
0.0000000e+000
0.0000000e+000
0.0000000e+000
0.0000000e+000
2.0033461e-001
3.7103902e-001
5.1258470e-001
5.6923759e-001
5.9660852e-001
5.9560527e-001
5.9206692e-001
5.8749754e-001
5.8400264e-001
5.8001716e-001
5.7521983e-001
5.7147566e-001
5.6727411e-001
5.6316004e-001
5.5801487e-001
5.3325575e-001
5.0582476e-001
4.7505393e-001
4.6644051e-001
4.5864010e-001
4.5166274e-001
4.4654224e-001
4.5207749e-001
4.3805107e-001
4.2540143e-001
4.1290410e-001
4.0197844e-001
3.9161077e-001
3.7443641e-001
3.4859112e-001
1.9517360e-001
1.8196878e-001
0.0000000e+000
0.0000000e+000
0.0000000e+000
0.0000000e+000
1.6317097e-001
2.9376645e-001
2.9619341e-001
5.7797237e-001
5.3367420e-001
4.7382934e-001
3.9455108e-001
2.9211746e-001
1.6073965e-001
0.0000000e+000
0.0000000e+000
0.0000000e+000
0.0000000e+000
0.0000000e+000
1.9914682e-001
3.7071927e-001
5.1386848e-001
5.7440773e-001
6.0592950e-001
6.1161600e-001
6.0762803e-001
6.0311984e-001
5.9916662e-001
5.9482095e-001
5.9043501e-001
5.8689160e-001
5.8298230e-001
5.7176779e-001
5.4545643e-001
5.1472242e-001
4.8013647e-001
4.3069036e-001
4.2376441e-001
4.1751529e-001
4.1165293e-001
4.0772438e-001
4.4246327e-001
4.5670524e-001
4.4433225e-001
4.3177651e-001
4.0949430e-001
3.9697055e-001
3.8481852e-001
3.6356096e-001
3.4158388e-001
1.9532685e-001
0.0000000e+000
0.0000000e+000
0.0000000e+000
1.6715927e-001
2.9888375e-001
3.1185870e-001
3.0673255e-001
5.8632060e-001
5.4218502e-001
4.8140695e-001
4.0096227e-001
2.9707056e-001
1.6500662e-001
0.0000000e+000
0.0000000e+000
0.0000000e+000
0.0000000e+000
0.0000000e+000
2.0159550e-001
3.7330871e-001
5.1838871e-001
5.7979067e-001
6.1225314e-001
6.2829780e-001
6.2425474e-001
6.1918628e-001
6.1517103e-001
6.1053720e-001
5.9581930e-001
5.9000412e-001
5.8562545e-001
5.5895841e-001
5.2692309e-001
4.8903413e-001
4.3623783e-001
2.4627637e-001
2.4034442e-001
2.3532160e-001
2.3211700e-001
2.3345793e-001
4.0324296e-001
4.3711397e-001
4.4103739e-001
4.1442908e-001
3.8037367e-001
3.7059032e-001
3.6177806e-001
3.5470046e-001
3.5841228e-001
3.3941188e-001
1.9601602e-001
1.8607447e-001
1.8067850e-001
3.1082813e-001
3.1898792e-001
3.1918350e-001
3.1518057e-001
5.9752971e-001
5.5199913e-001
4.9061376e-001
4.0940987e-001
3.0456922e-001
1.7018264e-001
0.0000000e+000
0.0000000e+000
0.0000000e+000
0.0000000e+000
1.9633474e-001
3.6202108e-001
5.0227964e-001
5.3465584e-001
5.4409100e-001
5.8545977e-001
6.1758342e-001
6.4142934e-001
6.3621727e-001
6.2554860e-001
5.9905889e-001
5.6716095e-001
5.6204716e-001
5.5810169e-001
5.3938924e-001
4.9994002e-001
4.4472456e-001
2.4829317e-001
0.0000000e+000
0.0000000e+000
0.0000000e+000
0.0000000e+000
0.0000000e+000
2.3137908e-001
3.9830511e-001
4.1599693e-001
3.8151266e-001
2.2128805e-001
2.1353788e-001
2.1033328e-001
2.0803780e-001
3.4141627e-001
3.5192993e-001
3.3755482e-001
3.3127967e-001
3.2618512e-001
3.2528740e-001
3.2607707e-001
3.2057218e-001
3.1423709e-001
5.9501938e-001
5.5178036e-001
4.9228072e-001
4.9664018e-001
4.1634540e-001
3.1332298e-001
1.7802729e-001
1.8069592e-001
1.8700100e-001
1.9743779e-001
3.6039678e-001
4.9662855e-001
3.8206849e-001
3.9285454e-001
4.0818616e-001
5.4488600e-001
5.8663984e-001
6.1932247e-001
6.3213834e-001
6.0418755e-001
5.7014961e-001
5.2913005e-001
5.2489301e-001
5.2148905e-001
5.4222275e-001
5.0190126e-001
4.4579642e-001
2.4165075e-001
0.0000000e+000
0.0000000e+000
0.0000000e+000
0.0000000e+000
0.0000000e+000
2.2655488e-001
3.9621965e-001
3.8790965e-001
2.2020442e-001
0.0000000e+000
0.0000000e+000
0.0000000e+000
0.0000000e+000
1.9890127e-001
3.3765862e-001
3.4815508e-001
3.4360680e-001
3.3720740e-001
3.3220627e-001
3.2283844e-001
3.1480777e-001
3.0922296e-001
5.4580036e-001
4.8727942e-001
4.0843269e-001
4.1450775e-001
3.1618291e-001
3.2516831e-001
3.2926162e-001
3.3588336e-001
3.4723247e-001
3.6147313e-001
3.6659599e-001
3.6629085e-001
2.1210551e-001
2.1708760e-001
2.2661527e-001
4.1379869e-001
5.4567518e-001
5.8806618e-001
6.1041595e-001
5.7482660e-001
5.3186779e-001
4.5354966e-001
4.5469906e-001
4.6075773e-001
5.1816305e-001
5.0567754e-001
4.4685801e-001
2.4591766e-001
0.0000000e+000
0.0000000e+000
0.0000000e+000
0.0000000e+000
0.0000000e+000
2.3264003e-001
3.9531294e-001
2.2986730e-001
0.0000000e+000
0.0000000e+000
0.0000000e+000
0.0000000e+000
0.0000000e+000
0.0000000e+000
2.0842562e-001
3.3560909e-001
3.4655629e-001
3.3842586e-001
3.2757633e-001
3.1769357e-001
1.8059543e-001
1.7065388e-001
4.8121571e-001
4.0245600e-001
2.9942539e-001
3.0368348e-001
1.7630520e-001
1.8079205e-001
1.8891537e-001
3.4817092e-001
4.7931148e-001
3.6550766e-001
1.9988647e-001
1.9668657e-001
0.0000000e+000
0.0000000e+000
0.0000000e+000
2.2950052e-001
4.1808302e-001
5.4621925e-001
5.8150667e-001
5.3679571e-001
4.4941830e-001
2.5030207e-001
2.4892035e-001
2.5481156e-001
4.5943806e-001
5.1040668e-001
4.9403389e-001
4.3811609e-001
2.4061616e-001
0.0000000e+000
0.0000000e+000
0.0000000e+000
2.3352783e-001
4.0444631e-001
3.9910044e-001
2.3231598e-001
0.0000000e+000
0.0000000e+000
0.0000000e+000
0.0000000e+000
0.0000000e+000
0.0000000e+000
2.0996518e-001
3.3952048e-001
3.5261562e-001
3.4189663e-001
3.2747766e-001
1.9025831e-001
0.0000000e+000
0.0000000e+000
3.9902688e-001
2.9610501e-001
1.6284463e-001
1.6369502e-001
0.0000000e+000
0.0000000e+000
0.0000000e+000
1.9820511e-001
3.6307423e-001
2.0585582e-001
0.0000000e+000
0.0000000e+000
0.0000000e+000
0.0000000e+000
0.0000000e+000
2.2521229e-001
4.1490977e-001
5.5362010e-001
5.4698826e-001
4.4469351e-001
2.4830463e-001
0.0000000e+000
0.0000000e+000
0.0000000e+000
2.5182829e-001
4.5297872e-001
5.0293186e-001
4.8008242e-001
4.2924588e-001
2.4399200e-001
2.3715094e-001
2.4031016e-001
4.1009692e-001
4.4511761e-001
4.0809194e-001
2.4203759e-001
0.0000000e+000
0.0000000e+000
0.0000000e+000
0.0000000e+000
0.0000000e+000
0.0000000e+000
2.1877773e-001
3.4677734e-001
3.5608409e-001
3.3941893e-001
2.0173942e-001
0.0000000e+000
0.0000000e+000
0.0000000e+000
2.9483272e-001
1.6426841e-001
0.0000000e+000
0.0000000e+000
0.0000000e+000
0.0000000e+000
0.0000000e+000
1.9664418e-001
3.6208284e-001
1.9974937e-001
0.0000000e+000
0.0000000e+000
0.0000000e+000
0.0000000e+000
0.0000000e+000
2.2365136e-001
4.1482749e-001
5.6170348e-001
5.5318465e-001
4.3606556e-001
2.3947077e-001
0.0000000e+000
0.0000000e+000
0.0000000e+000
2.4113552e-001
4.3916733e-001
4.8268243e-001
5.1086159e-001
4.7146002e-001
4.2548820e-001
4.1841060e-001
4.1678482e-001
4.5112864e-001
4.7137061e-001
4.3713071e-001
3.9761097e-001
2.3904962e-001
2.3311767e-001
0.0000000e+000
0.0000000e+000
0.0000000e+000
2.2602928e-001
3.4955321e-001
3.6536622e-001
3.5193294e-001
2.1776611e-001
0.0000000e+000
0.0000000e+000
0.0000000e+000
0.0000000e+000
2.9656868e-001
1.6270753e-001
0.0000000e+000
0.0000000e+000
0.0000000e+000
0.0000000e+000
0.0000000e+000
1.9781065e-001
3.6145509e-001
2.0000667e-001
0.0000000e+000
0.0000000e+000
0.0000000e+000
0.0000000e+000
0.0000000e+000
2.2845430e-001
4.1892711e-001
5.7071027e-001
5.5976246e-001
4.3143771e-001
2.3790990e-001
0.0000000e+000
0.0000000e+000
0.0000000e+000
0.0000000e+000
2.5178893e-001
4.3373033e-001
4.7830522e-001
4.9506217e-001
4.6102901e-001
4.5673256e-001
4.5431946e-001
4.7968931e-001
4.8876746e-001
4.6029373e-001
4.2875612e-001
3.9261425e-001
3.8302611e-001
2.3922081e-001
2.3783444e-001
2.3917543e-001
3.6300983e-001
3.7284087e-001
3.7750658e-001
3.5674124e-001
2.2203302e-001
0.0000000e+000
0.0000000e+000
0.0000000e+000
0.0000000e+000
3.0944463e-001
1.7188108e-001
0.0000000e+000
0.0000000e+000
0.0000000e+000
0.0000000e+000
1.9795176e-001
3.6068714e-001
3.7026958e-001
2.0645292e-001
0.0000000e+000
0.0000000e+000
0.0000000e+000
0.0000000e+000
2.2191128e-001
4.0896791e-001
5.6359539e-001
5.8300490e-001
5.6776240e-001
4.3171907e-001
2.3907631e-001
0.0000000e+000
0.0000000e+000
0.0000000e+000
0.0000000e+000
2.5109643e-001
4.2908791e-001
4.7221867e-001
4.5640785e-001
4.1637213e-001
4.1350730e-001
4.1299667e-001
4.4566591e-001
4.7203927e-001
4.7907833e-001
4.5365382e-001
4.2437891e-001
4.1244111e-001
3.8174655e-001
3.7764267e-001
3.7440610e-001
3.8695528e-001
3.9157648e-001
3.7649428e-001
3.5534401e-001
2.2497699e-001
0.0000000e+000
0.0000000e+000
0.0000000e+000
0.0000000e+000
3.1651073e-001
3.1728928e-001
1.8063484e-001
1.8421258e-001
1.8960855e-001
1.9864099e-001
3.6239835e-001
4.9616435e-001
5.0740804e-001
3.7860947e-001
2.1479281e-001
2.1159291e-001
2.1384766e-001
2.2246627e-001
4.0679556e-001
5.5968516e-001
4.2595397e-001
4.3328539e-001
5.7552288e-001
4.3950397e-001
2.4188611e-001
0.0000000e+000
0.0000000e+000
0.0000000e+000
0.0000000e+000
2.5494952e-001
4.2692359e-001
4.5487053e-001
4.1260452e-001
2.5213136e-001
2.5074500e-001
2.5481334e-001
4.0532801e-001
4.4080045e-001
4.6608406e-001
4.7342965e-001
4.5051566e-001
4.3682202e-001
4.1054201e-001
4.0463479e-001
3.9942144e-001
4.0621714e-001
4.0133149e-001
3.8490277e-001
3.6649717e-001
3.4639490e-001
2.1979765e-001
2.1076521e-001
0.0000000e+000
0.0000000e+000
1.7538004e-001
1.8259424e-001
3.2977072e-001
3.3711973e-001
3.4865069e-001
3.6309084e-001
4.9858358e-001
6.0917413e-001
6.2174680e-001
5.2005362e-001
3.9125505e-001
3.8913168e-001
3.9409939e-001
4.0506722e-001
4.0829702e-001
4.1090102e-001
2.3567675e-001
2.3974979e-001
4.3744081e-001
4.4728892e-001
2.4924142e-001
0.0000000e+000
0.0000000e+000
0.0000000e+000
2.4831300e-001
4.2260920e-001
4.5625594e-001
4.1191731e-001
2.4699745e-001
0.0000000e+000
0.0000000e+000
0.0000000e+000
2.5149255e-001
4.0394329e-001
4.3805353e-001
4.6359157e-001
4.7266445e-001
4.5797765e-001
4.3543731e-001
4.2746789e-001
4.2005358e-001
4.2224649e-001
4.1058370e-001
3.9491880e-001
3.7824236e-001
3.6107597e-001
3.4407146e-001
3.3354570e-001
2.0776515e-001
2.0146006e-001
0.0000000e+000
0.0000000e+000
1.8989083e-001
3.4810853e-001
4.8098780e-001
4.9836960e-001
6.1198858e-001
7.0420993e-001
7.1784581e-001
6.3965514e-001
5.4068930e-001
5.3942713e-001
4.0606622e-001
2.2302126e-001
2.2254866e-001
2.2298522e-001
0.0000000e+000
0.0000000e+000
2.4167309e-001
4.3999370e-001
4.4408484e-001
2.4169578e-001
3.5489000e-003
2.4894940e-001
4.2090530e-001
4.5978279e-001
4.1536852e-001
2.4805237e-001
0.0000000e+000
0.0000000e+000
0.0000000e+000
0.0000000e+000
0.0000000e+000
2.6046884e-001
4.0301495e-001
4.3666882e-001
4.6220685e-001
4.7453079e-001
4.5535389e-001
4.4573472e-001
4.3717915e-001
4.3252467e-001
4.1751562e-001
4.0358325e-001
3.8907252e-001
3.7383880e-001
3.5925019e-001
3.4391912e-001
3.2998323e-001
3.2465574e-001
0.0000000e+000
0.0000000e+000
0.0000000e+000
1.9950095e-001
3.6540672e-001
5.0352735e-001
6.1851068e-001
7.1498420e-001
7.3619862e-001
6.7923490e-001
5.6539703e-001
4.1800843e-001
2.3095425e-001
0.0000000e+000
0.0000000e+000
0.0000000e+000
0.0000000e+000
0.0000000e+000
2.4225077e-001
4.4285173e-001
4.8066014e-001
2.8442005e-001
0.0000000e+000
2.8712803e-001
4.4053726e-001
4.2348531e-001
2.5802354e-001
0.0000000e+000
0.0000000e+000
0.0000000e+000
0.0000000e+000
0.0000000e+000
0.0000000e+000
2.5831917e-001
4.0053747e-001
4.3530671e-001
4.6173703e-001
4.7963765e-001
4.7190702e-001
4.6158757e-001
4.4906836e-001
4.3491465e-001
4.2050266e-001
4.0731663e-001
3.9373881e-001
3.7967124e-001
3.6576589e-001
3.5283772e-001
3.4035665e-001
3.3191231e-001
0.0000000e+000
0.0000000e+000
0.0000000e+000
2.0189686e-001
3.6971940e-001
5.0937337e-001
6.2558341e-001
7.2303829e-001
7.3929796e-001
6.8630762e-001
5.7124305e-001
4.2232111e-001
2.3335017e-001
0.0000000e+000
0.0000000e+000
0.0000000e+000
0.0000000e+000
0.0000000e+000
2.4464668e-001
4.4716436e-001
4.8497277e-001
2.8681596e-001
0.0000000e+000
2.8952394e-001
4.4053788e-001
4.2348593e-001
2.6041946e-001
0.0000000e+000
0.0000000e+000
0.0000000e+000
0.0000000e+000
0.0000000e+000
0.0000000e+000
2.6071509e-001
4.0053809e-001
4.3530755e-001
4.6173805e-001
4.7963881e-001
4.7805306e-001
4.6456484e-001
4.4945587e-001
4.3539861e-001
4.2110718e-001
4.0807185e-001
3.9468240e-001
3.8085030e-001
3.6723928e-001
3.5467904e-001
3.4265787e-001
3.3423717e-001
0.0000000e+000
0.0000000e+000
1.9707857e-001
3.6104648e-001
4.9852587e-001
5.2862641e-001
6.4338175e-001
7.3876376e-001
7.4399714e-001
6.8242360e-001
5.7094611e-001
5.6968393e-001
4.2151707e-001
2.3632376e-001
2.3585121e-001
2.3628772e-001
0.0000000e+000
0.0000000e+000
2.4886083e-001
4.5293159e-001
4.5702278e-001
2.4888351e-001
3.5489000e-003
2.5613713e-001
4.2103090e-001
4.6025151e-001
4.1595313e-001
2.5633537e-001
0.0000000e+000
0.0000000e+000
0.0000000e+000
0.0000000e+000
0.0000000e+000
2.6765658e-001
4.0301681e-001
4.3667134e-001
4.6220990e-001
4.8001664e-001
4.7211502e-001
4.6110141e-001
4.4764286e-001
4.3313192e-001
4.1827338e-001
4.0452917e-001
3.9025362e-001
3.7531387e-001
3.6109275e-001
3.4622103e-001
3.3285930e-001
3.2756138e-001
1.8868254e-001
1.9589674e-001
3.5528274e-001
3.6595609e-001
3.7748705e-001
3.9192720e-001
5.3550917e-001
6.5395249e-001
6.7873436e-001
5.6452953e-001
4.2009141e-001
4.1796804e-001
4.2293575e-001
4.2945574e-001
4.3224158e-001
4.3484558e-001
2.4897931e-001
2.5305228e-001
4.5803216e-001
4.7123342e-001
2.6254392e-001
0.0000000e+000
0.0000000e+000
0.0000000e+000
2.6161549e-001
4.2881194e-001
4.6293056e-001
4.1728799e-001
2.6139520e-001
0.0000000e+000
0.0000000e+000
0.0000000e+000
2.6981455e-001
4.0846598e-001
4.4150099e-001
4.6703955e-001
4.8546581e-001
4.7818372e-001
4.5638743e-001
4.4841802e-001
4.4100370e-001
4.4029028e-001
4.2446442e-001
4.0796224e-001
3.9023922e-001
3.7176455e-001
3.5312477e-001
3.3986671e-001
2.2106765e-001
2.1476262e-001
3.4657006e-001
3.5591915e-001
2.0005216e-001
2.0362990e-001
2.0902587e-001
2.1805825e-001
3.9790085e-001
5.4535261e-001
5.6201435e-001
4.1757621e-001
2.3421013e-001
2.3101023e-001
2.3326497e-001
2.4188353e-001
4.4219069e-001
6.0154244e-001
4.5601329e-001
4.6334472e-001
5.9233666e-001
4.7445515e-001
2.6130342e-001
0.0000000e+000
0.0000000e+000
0.0000000e+000
0.0000000e+000
2.7436684e-001
4.3932719e-001
4.6605796e-001
4.2283493e-001
2.7154868e-001
2.7016232e-001
2.7423065e-001
4.1714887e-001
4.5130950e-001
4.7573292e-001
4.9353965e-001
4.7988894e-001
4.6121708e-001
4.3242221e-001
4.2651500e-001
4.2130165e-001
4.3419957e-001
4.2454436e-001
4.0530524e-001
3.8338665e-001
3.5889311e-001
2.3921496e-001
2.3018253e-001
0.0000000e+000
0.0000000e+000
3.5343088e-001
1.9631790e-001
0.0000000e+000
0.0000000e+000
0.0000000e+000
0.0000000e+000
2.2238858e-001
4.0478631e-001
4.1425583e-001
2.3088974e-001
0.0000000e+000
0.0000000e+000
0.0000000e+000
0.0000000e+000
2.4799141e-001
4.5591217e-001
6.0623738e-001
6.0412297e-001
5.9021507e-001
4.7866333e-001
2.6515645e-001
0.0000000e+000
0.0000000e+000
0.0000000e+000
0.0000000e+000
2.7717657e-001
4.4565135e-001
4.9467133e-001
4.7379409e-001
4.3108676e-001
4.2822193e-001
4.2771129e-001
4.6432451e-001
4.8964842e-001
5.0594352e-001
4.8533811e-001
4.5248190e-001
4.3663234e-001
4.0048318e-001
3.9637930e-001
3.9314277e-001
4.1331971e-001
4.2172381e-001
3.9902264e-001
3.7200206e-001
2.5105713e-001
0.0000000e+000
0.0000000e+000
0.0000000e+000
0.0000000e+000
3.5254806e-001
1.9380717e-001
0.0000000e+000
0.0000000e+000
0.0000000e+000
0.0000000e+000
0.0000000e+000
2.2891029e-001
4.1743447e-001
2.3110637e-001
0.0000000e+000
0.0000000e+000
0.0000000e+000
0.0000000e+000
0.0000000e+000
2.5955394e-001
4.7490650e-001
6.0854815e-001
5.8995205e-001
4.8741704e-001
2.6900954e-001
0.0000000e+000
0.0000000e+000
0.0000000e+000
0.0000000e+000
2.8288857e-001
4.5518347e-001
5.0738615e-001
5.2088957e-001
4.8471912e-001
4.8042267e-001
4.7800957e-001
5.0653461e-001
5.2416963e-001
4.9686773e-001
4.5957560e-001
4.1624058e-001
4.0447926e-001
2.7032044e-001
2.6893408e-001
2.7027507e-001
3.8446297e-001
4.0757211e-001
4.0668213e-001
3.7831266e-001
2.5313266e-001
0.0000000e+000
0.0000000e+000
0.0000000e+000
0.0000000e+000
3.5984723e-001
2.0038761e-001
0.0000000e+000
0.0000000e+000
0.0000000e+000
0.0000000e+000
0.0000000e+000
2.3276338e-001
4.2709735e-001
2.3586851e-001
0.0000000e+000
0.0000000e+000
0.0000000e+000
0.0000000e+000
0.0000000e+000
2.5977056e-001
4.7984195e-001
6.0682305e-001
5.9422395e-001
5.0108004e-001
2.7558997e-001
0.0000000e+000
0.0000000e+000
0.0000000e+000
2.7725466e-001
4.6351622e-001
5.1447985e-001
5.5423740e-001
5.0890776e-001
4.5400424e-001
4.4692664e-001
4.4530086e-001
4.9074958e-001
5.1457286e-001
4.7283989e-001
4.2395381e-001
2.7516876e-001
2.6923682e-001
0.0000000e+000
0.0000000e+000
0.0000000e+000
2.5712892e-001
3.7806923e-001
4.0498715e-001
3.7842362e-001
2.5388526e-001
0.0000000e+000
0.0000000e+000
0.0000000e+000
0.0000000e+000
4.9217713e-001
3.6727806e-001
2.0900284e-001
2.0985323e-001
0.0000000e+000
0.0000000e+000
0.0000000e+000
2.3934375e-001
4.3712387e-001
2.4699453e-001
0.0000000e+000
0.0000000e+000
0.0000000e+000
0.0000000e+000
0.0000000e+000
2.6635094e-001
4.8895935e-001
6.0737780e-001
5.9943753e-001
5.1874313e-001
2.8944328e-001
0.0000000e+000
0.0000000e+000
0.0000000e+000
2.9296699e-001
4.8421126e-001
5.4526930e-001
5.2241986e-001
4.6047842e-001
2.8513071e-001
2.7828965e-001
2.8144881e-001
4.4132946e-001
4.9037155e-001
4.3932448e-001
2.8317629e-001
0.0000000e+000
0.0000000e+000
0.0000000e+000
0.0000000e+000
0.0000000e+000
0.0000000e+000
2.5991637e-001
3.7800987e-001
3.9860633e-001
3.7088247e-001
2.4287807e-001
0.0000000e+000
0.0000000e+000
0.0000000e+000
6.0189413e-001
5.0555259e-001
3.8251016e-001
3.8676819e-001
2.2246340e-001
2.2695026e-001
2.3507352e-001
4.3125569e-001
5.9268822e-001
4.4935230e-001
2.5106418e-001
2.4786428e-001
0.0000000e+000
0.0000000e+000
0.0000000e+000
2.7565872e-001
5.0116777e-001
6.0961766e-001
6.6354988e-001
5.9790264e-001
5.1801859e-001
2.9646022e-001
2.9507856e-001
3.0096977e-001
4.9413799e-001
5.5546063e-001
5.4299959e-001
4.7423833e-001
2.8677437e-001
0.0000000e+000
0.0000000e+000
0.0000000e+000
2.7466648e-001
4.4035022e-001
4.3522268e-001
2.7847419e-001
0.0000000e+000
0.0000000e+000
0.0000000e+000
0.0000000e+000
0.0000000e+000
0.0000000e+000
2.5612338e-001
3.7564273e-001
4.0158132e-001
3.9115108e-001
3.6396082e-001
2.3641651e-001
0.0000000e+000
0.0000000e+000
6.9352080e-001
6.2093442e-001
5.2607822e-001
5.3215328e-001
4.0428712e-001
4.1327258e-001
4.2539709e-001
4.3201883e-001
4.4336800e-001
4.5760866e-001
4.5871589e-001
4.5841069e-001
2.6328322e-001
2.6826531e-001
2.7779298e-001
5.0421117e-001
6.1362205e-001
6.7692629e-001
7.1895160e-001
6.6469382e-001
5.9904658e-001
5.1916252e-001
5.1293291e-001
5.1004873e-001
5.6926498e-001
5.6127150e-001
4.8786995e-001
2.9709537e-001
0.0000000e+000
0.0000000e+000
0.0000000e+000
0.0000000e+000
0.0000000e+000
2.8381774e-001
4.3632488e-001
2.8104501e-001
0.0000000e+000
0.0000000e+000
0.0000000e+000
0.0000000e+000
0.0000000e+000
0.0000000e+000
2.5960333e-001
3.7662104e-001
4.0215026e-001
4.0604637e-001
3.8362147e-001
3.5926948e-001
2.3177314e-001
2.2183158e-001
7.4969683e-001
7.1332902e-001
6.4259436e-001
6.5103215e-001
5.5231698e-001
4.1849364e-001
2.3422451e-001
2.3689313e-001
2.4319822e-001
2.5363500e-001
4.6243422e-001
6.2235933e-001
4.7920790e-001
4.8999393e-001
5.0532553e-001
6.2293635e-001
6.8351467e-001
7.3214581e-001
7.6257536e-001
7.2163020e-001
6.6737242e-001
6.0110566e-001
5.9376245e-001
5.8847607e-001
6.3234752e-001
5.6783744e-001
4.9169806e-001
2.9784796e-001
0.0000000e+000
0.0000000e+000
0.0000000e+000
0.0000000e+000
0.0000000e+000
2.8275210e-001
4.4212128e-001
4.3381129e-001
2.7640163e-001
0.0000000e+000
0.0000000e+000
0.0000000e+000
0.0000000e+000
2.6011798e-001
3.8155583e-001
4.0646552e-001
4.1241448e-001
4.0624886e-001
4.0633362e-001
3.8390872e-001
3.5955674e-001
3.5351538e-001
7.6474680e-001
7.2591355e-001
6.7132558e-001
5.5877872e-001
4.1475937e-001
2.3139936e-001
0.0000000e+000
0.0000000e+000
0.0000000e+000
0.0000000e+000
2.5755151e-001
4.7221123e-001
6.2789084e-001
6.2951836e-001
6.3238492e-001
6.9466134e-001
7.3937395e-001
7.7508003e-001
7.9845231e-001
7.6535431e-001
7.2491702e-001
6.6954409e-001
6.6069048e-001
6.5472138e-001
6.4384536e-001
5.7916133e-001
5.0056314e-001
3.0950995e-001
0.0000000e+000
0.0000000e+000
0.0000000e+000
0.0000000e+000
0.0000000e+000
2.9259585e-001
4.5090560e-001
4.8484740e-001
4.3230401e-001
2.8250476e-001
2.7475459e-001
2.7155000e-001
2.6925452e-001
3.9220763e-001
4.1534814e-001
3.9145450e-001
3.8541314e-001
3.8061081e-001
3.9987608e-001
4.0623113e-001
3.8504528e-001
3.7788842e-001
7.6933292e-001
7.3036450e-001
6.7693641e-001
5.6257873e-001
4.1629584e-001
2.3124284e-001
0.0000000e+000
0.0000000e+000
0.0000000e+000
0.0000000e+000
0.0000000e+000
2.6783178e-001
4.9253397e-001
6.4151406e-001
7.0359734e-001
7.4896036e-001
7.8375909e-001
8.1110165e-001
8.2907903e-001
8.0137834e-001
7.6807959e-001
7.2655924e-001
7.1649731e-001
7.0912832e-001
6.8815426e-001
6.3723286e-001
5.7727480e-001
4.9741083e-001
3.1251264e-001
3.0658070e-001
3.0155782e-001
2.9835322e-001
2.9969421e-001
4.6047740e-001
5.0868096e-001
5.3321029e-001
4.8669288e-001
4.3414949e-001
4.2409817e-001
4.1528590e-001
4.0820830e-001
4.3158281e-001
3.9700881e-001
2.6225230e-001
2.5231075e-001
2.4691478e-001
3.7383460e-001
3.9974412e-001
4.0866668e-001
4.0185647e-001
7.7586860e-001
7.3570360e-001
6.8414145e-001
5.6841516e-001
4.2037787e-001
2.3199543e-001
0.0000000e+000
0.0000000e+000
0.0000000e+000
0.0000000e+000
0.0000000e+000
2.7040260e-001
4.9897968e-001
6.4651880e-001
7.1758629e-001
7.6897457e-001
8.0911382e-001
8.4025385e-001
8.5500373e-001
8.3187180e-001
8.0426144e-001
7.6914632e-001
7.5838168e-001
7.4893468e-001
7.2321291e-001
6.8035725e-001
6.3052161e-001
5.7248178e-001
4.9482694e-001
4.8790099e-001
4.8147893e-001
4.7452523e-001
4.7186096e-001
5.2246596e-001
5.5778517e-001
5.7171117e-001
5.3249438e-001
4.8595098e-001
4.7342723e-001
4.6127521e-001
4.4641608e-001
4.0308976e-001
2.6658257e-001
0.0000000e+000
0.0000000e+000
0.0000000e+000
2.3339548e-001
3.7253618e-001
3.9844570e-001
4.1932764e-001
7.8412328e-001
7.4396586e-001
6.9163878e-001
5.7839715e-001
4.2736903e-001
2.3638449e-001
0.0000000e+000
0.0000000e+000
0.0000000e+000
0.0000000e+000
0.0000000e+000
2.7660989e-001
5.0833455e-001
6.5372905e-001
7.2331355e-001
7.7523061e-001
8.1579290e-001
8.4702043e-001
8.7103108e-001
8.5768988e-001
8.3234483e-001
8.0291552e-001
7.9131210e-001
7.8104929e-001
7.5130228e-001
7.1512880e-001
6.7364595e-001
6.2568834e-001
5.6963781e-001
5.5962304e-001
5.4940393e-001
5.4121686e-001
5.3761427e-001
5.7175290e-001
5.9539845e-001
5.9819270e-001
5.6716659e-001
5.3027610e-001
5.0816845e-001
4.6391978e-001
4.1498671e-001
2.7144893e-001
2.5824406e-001
0.0000000e+000
0.0000000e+000
0.0000000e+000
0.0000000e+000
2.3944625e-001
3.7684328e-001
4.0307106e-001
7.9409401e-001
7.5437317e-001
7.0181741e-001
5.9216105e-001
4.3908762e-001
2.4441001e-001
0.0000000e+000
0.0000000e+000
0.0000000e+000
0.0000000e+000
2.7378475e-001
5.0093580e-001
6.5505065e-001
7.2595916e-001
7.7812715e-001
8.1843851e-001
8.4966604e-001
8.7209716e-001
8.8438949e-001
8.7583961e-001
8.5392876e-001
8.2991524e-001
8.1792599e-001
8.0129545e-001
7.7390211e-001
7.4303556e-001
7.0818836e-001
6.6852580e-001
6.2284426e-001
6.1146521e-001
6.0140783e-001
5.9239092e-001
5.8536032e-001
6.0923298e-001
6.2502873e-001
5.9708636e-001
5.6436655e-001
5.2736069e-001
4.8499195e-001
4.3134424e-001
2.8449722e-001
0.0000000e+000
0.0000000e+000
0.0000000e+000
0.0000000e+000
0.0000000e+000
0.0000000e+000
2.3928973e-001
3.7955626e-001
4.0750584e-001
8.2813508e-001
7.9806265e-001
7.5772229e-001
7.0516653e-001
6.0012784e-001
4.4887259e-001
2.5469027e-001
2.5512684e-001
2.6010893e-001
2.7186871e-001
4.9657784e-001
6.5583707e-001
7.2981792e-001
7.8238739e-001
7.8905315e-001
7.8267364e-001
8.1813532e-001
8.4357046e-001
8.6195545e-001
8.7432012e-001
8.7117708e-001
8.5149815e-001
8.3782470e-001
8.1620442e-001
7.9219522e-001
7.6591968e-001
7.3609414e-001
7.0306768e-001
6.6568136e-001
6.5345883e-001
6.4229539e-001
6.3225136e-001
6.2379644e-001
6.4006072e-001
6.2988123e-001
6.0040562e-001
5.6745487e-001
5.3016232e-001
4.8816074e-001
4.3422851e-001
2.8615893e-001
0.0000000e+000
0.0000000e+000
0.0000000e+000
0.0000000e+000
0.0000000e+000
0.0000000e+000
2.4822437e-001
3.8784495e-001
4.1640119e-001
8.5639329e-001
8.3465912e-001
8.0409107e-001
7.6437024e-001
7.1231010e-001
6.1683175e-001
4.6464978e-001
4.6725378e-001
4.7622159e-001
4.9193447e-001
6.5237744e-001
7.3052929e-001
7.8736722e-001
7.3251194e-001
7.2696112e-001
7.2230759e-001
7.7311433e-001
8.0792764e-001
8.3392839e-001
8.5240674e-001
8.5850415e-001
8.4826416e-001
8.4703535e-001
8.2773683e-001
8.0662964e-001
7.8398155e-001
7.5869029e-001
7.3097284e-001
7.0022281e-001
6.8761200e-001
6.7556368e-001
6.6441091e-001
6.5510350e-001
6.5945340e-001
6.3313400e-001
6.0341087e-001
5.7015272e-001
5.3283522e-001
4.9044387e-001
4.3640677e-001
2.9327534e-001
0.0000000e+000
0.0000000e+000
0.0000000e+000
2.5341139e-001
2.5384326e-001
2.5119011e-001
3.8933549e-001
4.1913079e-001
4.4089107e-001
8.8064473e-001
8.6558117e-001
8.4283098e-001
8.1337808e-001
7.7405374e-001
7.2390173e-001
6.3700641e-001
6.4316261e-001
6.4230402e-001
6.5069714e-001
7.2757261e-001
7.9157789e-001
7.3431978e-001
6.5386340e-001
6.4894778e-001
6.4515377e-001
7.1591228e-001
7.6339177e-001
7.9891216e-001
8.2538938e-001
8.3603352e-001
8.2625288e-001
8.3480084e-001
8.2440974e-001
8.1486308e-001
7.9822655e-001
7.7651973e-001
7.5328019e-001
7.2812675e-001
7.1520364e-001
7.0244742e-001
6.9069470e-001
6.8041821e-001
6.7069414e-001
6.4684471e-001
6.2056795e-001
5.9161785e-001
5.5932666e-001
5.2321813e-001
4.8269681e-001
4.3175346e-001
2.8954108e-001
2.7869041e-001
2.7056715e-001
4.0451542e-001
4.0170312e-001
3.9685581e-001
4.2305283e-001
4.4580434e-001
4.6150832e-001
9.0107124e-001
8.9196368e-001
8.7546778e-001
8.5422923e-001
8.2509352e-001
7.8729569e-001
7.2761069e-001
7.2224129e-001
7.1741707e-001
7.2627419e-001
7.8862122e-001
7.3531539e-001
6.5542952e-001
5.2866345e-001
5.3144927e-001
5.3950796e-001
6.3954997e-001
7.0845775e-001
7.5587767e-001
7.9199415e-001
8.0831972e-001
7.9911334e-001
8.1282073e-001
8.0321005e-001
7.9393779e-001
7.9372616e-001
7.7127203e-001
7.4673939e-001
7.1996952e-001
6.9004493e-001
6.7863435e-001
6.6726798e-001
6.5703214e-001
6.6907646e-001
6.5819361e-001
6.3477587e-001
6.0903875e-001
5.8112204e-001
5.5012259e-001
5.1598751e-001
4.7793302e-001
4.3007317e-001
4.2462867e-001
4.1876906e-001
4.4627222e-001
4.4169861e-001
4.3457712e-001
4.5167157e-001
4.6816854e-001
4.7902747e-001
9.1905732e-001
9.1409505e-001
9.0322209e-001
8.8808737e-001
8.6705973e-001
8.3911940e-001
7.9078727e-001
7.8475175e-001
7.7915238e-001
7.8732280e-001
7.3378837e-001
6.5712068e-001
5.1304048e-001
2.9108963e-001
2.9061708e-001
2.9559918e-001
5.4069709e-001
6.3485092e-001
7.0282058e-001
7.5098595e-001
7.7405393e-001
7.6556524e-001
7.8572000e-001
7.7672605e-001
7.6815518e-001
7.7929254e-001
7.5360808e-001
7.2503699e-001
6.9286019e-001
6.5617687e-001
6.4545641e-001
6.3514541e-001
6.2624768e-001
6.4484153e-001
6.5848411e-001
6.4576621e-001
6.2279847e-001
5.9798266e-001
5.7121761e-001
5.4237533e-001
5.1093670e-001
4.7625277e-001
4.6963556e-001
4.6305555e-001
4.8256158e-001
4.7595939e-001
4.6639905e-001
4.7683096e-001
4.8742431e-001
4.9315053e-001
9.3447153e-001
9.3282548e-001
9.2588862e-001
9.1546174e-001
9.0035995e-001
8.7997894e-001
8.4227265e-001
8.3640500e-001
7.9223604e-001
7.3248995e-001
6.5645156e-001
5.0881095e-001
2.7798422e-001
0.0000000e+000
0.0000000e+000
0.0000000e+000
2.9678834e-001
5.4101930e-001
6.3245521e-001
7.0010302e-001
7.3195754e-001
7.2400712e-001
7.5222059e-001
7.4399751e-001
7.3630337e-001
7.5518533e-001
7.3078826e-001
6.9689258e-001
6.5841692e-001
6.1385951e-001
6.0435861e-001
5.9536679e-001
5.8778268e-001
6.1456331e-001
6.3515809e-001
6.4744009e-001
6.3372035e-001
6.1201561e-001
5.8877856e-001
5.6398696e-001
5.3761149e-001
5.0925645e-001
5.0172119e-001
4.9421698e-001
5.0764932e-001
5.0058950e-001
4.8983030e-001
4.9473814e-001
5.0018223e-001
5.0281026e-001
9.4782827e-001
9.4883518e-001
9.4565665e-001
9.3878454e-001
9.2222592e-001
8.9084976e-001
8.4872484e-001
7.9725585e-001
7.3394755e-001
6.5743940e-001
5.1043021e-001
2.8353975e-001
0.0000000e+000
0.0000000e+000
0.0000000e+000
0.0000000e+000
2.9208623e-001
5.3346465e-001
6.2835453e-001
6.8786619e-001
6.8007309e-001
6.7279564e-001
7.1108217e-001
7.0382264e-001
6.9722431e-001
7.2420964e-001
7.0235752e-001
6.6244939e-001
6.1609929e-001
5.6169885e-001
5.5372158e-001
5.4637876e-001
5.4043683e-001
5.7745079e-001
6.0637474e-001
6.2491007e-001
6.3605715e-001
6.2337139e-001
6.0299509e-001
5.8177739e-001
5.5951001e-001
5.3593108e-001
5.2794843e-001
5.1970482e-001
5.2821031e-001
5.2032143e-001
5.0831129e-001
5.0854575e-001
5.1094742e-001
5.1109704e-001
9.5953901e-001
9.6266831e-001
9.6264346e-001
9.4767364e-001
9.2428243e-001
8.9213869e-001
8.4982873e-001
7.9770111e-001
7.3426722e-001
6.5760209e-001
5.0923935e-001
2.7883765e-001
0.0000000e+000
0.0000000e+000
0.0000000e+000
0.0000000e+000
2.8829325e-001
5.3118285e-001
6.2674275e-001
6.2220020e-001
6.1537739e-001
6.0987613e-001
6.6075395e-001
6.5469891e-001
6.4911155e-001
6.8622335e-001
6.6703025e-001
6.1938543e-001
5.6336444e-001
4.9253411e-001
4.8672010e-001
4.8187299e-001
4.7789610e-001
5.3143712e-001
5.7077199e-001
5.9712162e-001
6.1495589e-001
6.2628614e-001
6.1453632e-001
5.9586698e-001
5.7678304e-001
5.5754180e-001
5.4920130e-001
5.4036621e-001
5.4493025e-001
5.3637650e-001
5.2336807e-001
5.2015083e-001
5.1983123e-001
5.1799837e-001
9.6931340e-001
9.7414064e-001
9.6693208e-001
9.5075290e-001
9.2719086e-001
8.9483281e-001
8.5133542e-001
7.9874816e-001
7.3533914e-001
6.5840293e-001
5.1332136e-001
2.8413582e-001
0.0000000e+000
0.0000000e+000
0.0000000e+000
0.0000000e+000
2.9359142e-001
5.3708309e-001
6.2372649e-001
5.3244892e-001
5.2784386e-001
5.2430238e-001
5.9667543e-001
5.9438916e-001
5.9042441e-001
6.3983461e-001
6.2443698e-001
5.6688016e-001
4.9477186e-001
3.1652087e-001
3.1240717e-001
3.1283904e-001
3.1508914e-001
4.7024396e-001
5.2628676e-001
5.6276249e-001
5.8859458e-001
6.0665788e-001
6.1271066e-001
5.9396334e-001
5.8106657e-001
5.7380434e-001
5.6618609e-001
5.5716488e-001
5.5857579e-001
5.4893928e-001
5.3568527e-001
5.2941966e-001
5.2720951e-001
5.2350423e-001
9.7753876e-001
9.8372431e-001
9.8028126e-001
9.6972462e-001
9.5046601e-001
9.2394815e-001
8.8871716e-001
8.4769729e-001
7.9683590e-001
7.3691501e-001
6.5907776e-001
5.1492435e-001
2.8532493e-001
2.7939768e-001
2.8165243e-001
2.9208921e-001
5.3347006e-001
6.2523477e-001
5.3425677e-001
3.0383565e-001
3.0336310e-001
3.0561784e-001
5.1411861e-001
5.1383643e-001
5.1368068e-001
5.8294329e-001
5.7174821e-001
4.9860644e-001
3.1502337e-001
0.0000000e+000
0.0000000e+000
0.0000000e+000
0.0000000e+000
3.0285211e-001
4.6766007e-001
5.2019054e-001
5.5637816e-001
5.8249665e-001
5.9677603e-001
5.7442246e-001
5.6255995e-001
5.5592422e-001
5.6473919e-001
5.6874175e-001
5.6828286e-001
5.5708395e-001
5.4552295e-001
5.3710648e-001
5.3338179e-001
5.2818055e-001
9.7616504e-001
9.9241660e-001
9.9198592e-001
9.8436627e-001
9.6878680e-001
9.4722681e-001
9.1783429e-001
8.8411252e-001
8.4497945e-001
7.9897251e-001
7.3779263e-001
6.5893045e-001
5.1797390e-001
5.1457775e-001
5.1863633e-001
5.3014965e-001
6.2841375e-001
5.3664067e-001
2.9869703e-001
0.0000000e+000
0.0000000e+000
0.0000000e+000
2.9953408e-001
3.0451617e-001
3.1495295e-001
5.0994854e-001
5.6780703e-001
4.9581266e-001
3.0668486e-001
0.0000000e+000
0.0000000e+000
0.0000000e+000
0.0000000e+000
0.0000000e+000
2.9412032e-001
4.6470487e-001
5.1648464e-001
5.5267158e-001
5.7665959e-001
5.5001315e-001
5.3944233e-001
5.3358921e-001
5.4705249e-001
5.5485672e-001
5.5840096e-001
5.5950448e-001
5.5154912e-001
5.4324054e-001
5.3712394e-001
5.3190569e-001
9.5372592e-001
9.7631473e-001
9.9885095e-001
9.9491787e-001
9.8199637e-001
9.6339908e-001
9.3806857e-001
9.0942433e-001
8.7663842e-001
8.4436468e-001
7.9951302e-001
7.3660508e-001
6.5677647e-001
6.4694783e-001
6.4181013e-001
6.3949746e-001
6.2058194e-001
5.2875431e-001
2.8944935e-001
0.0000000e+000
0.0000000e+000
0.0000000e+000
0.0000000e+000
0.0000000e+000
0.0000000e+000
3.1886946e-001
5.0663947e-001
4.9443676e-001
3.0925568e-001
0.0000000e+000
0.0000000e+000
0.0000000e+000
0.0000000e+000
0.0000000e+000
2.7986597e-001
4.6233867e-001
5.1272355e-001
5.4906997e-001
5.5253705e-001
5.2059594e-001
5.1128045e-001
5.0640556e-001
5.2531852e-001
5.3751542e-001
5.4474881e-001
5.4893011e-001
5.4471255e-001
5.3940869e-001
5.3679137e-001
5.3209904e-001
9.3185585e-001
9.5340000e-001
9.7672515e-001
9.8231333e-001
9.6625682e-001
9.4374264e-001
9.1351637e-001
8.7875248e-001
8.3903440e-001
7.9733199e-001
7.3918069e-001
6.6048465e-001
5.2370561e-001
5.2303679e-001
5.2618627e-001
6.3298217e-001
6.1773110e-001
5.2647251e-001
2.9020194e-001
0.0000000e+000
0.0000000e+000
0.0000000e+000
0.0000000e+000
0.0000000e+000
0.0000000e+000
3.1053090e-001
5.0148723e-001
5.5628941e-001
4.8523230e-001
2.9915761e-001
0.0000000e+000
0.0000000e+000
0.0000000e+000
0.0000000e+000
2.6856109e-001
4.6093938e-001
5.1045950e-001
5.4638239e-001
5.2283275e-001
4.8456042e-001
4.7681400e-001
4.7316181e-001
4.9852756e-001
5.1621522e-001
5.2805827e-001
5.3572677e-001
5.3507205e-001
5.3233918e-001
5.3150928e-001
5.2844389e-001
9.1069711e-001
9.3167479e-001
9.5381043e-001
9.6638926e-001
9.4707295e-001
9.1978485e-001
8.8358892e-001
8.4172121e-001
7.9276429e-001
7.3556105e-001
6.4777306e-001
5.1426461e-001
2.8833530e-001
2.8695364e-001
2.8920838e-001
5.2196290e-001
6.2277466e-001
6.0598623e-001
5.2032011e-001
2.8443420e-001
0.0000000e+000
0.0000000e+000
0.0000000e+000
0.0000000e+000
0.0000000e+000
3.1219260e-001
5.0147429e-001
5.6796668e-001
5.4696041e-001
4.7819430e-001
2.8217472e-001
0.0000000e+000
0.0000000e+000
0.0000000e+000
2.6079569e-001
4.5969701e-001
5.0998487e-001
5.2663541e-001
4.8651241e-001
3.9539978e-001
3.8078222e-001
3.6599719e-001
4.6248275e-001
4.9032578e-001
5.0757161e-001
5.1959889e-001
5.2339588e-001
5.2387666e-001
5.2528094e-001
4.9446331e-001
8.9042753e-001
9.1110754e-001
9.3300502e-001
9.4601391e-001
9.2249848e-001
8.8944442e-001
8.4604093e-001
7.9516373e-001
7.2595057e-001
6.2805631e-001
4.9751795e-001
2.8068458e-001
0.0000000e+000
0.0000000e+000
0.0000000e+000
2.8585196e-001
5.1951558e-001
6.1772335e-001
5.9746692e-001
5.1652920e-001
2.9348932e-001
2.9483495e-001
2.9618064e-001
2.9843538e-001
3.0523576e-001
5.0126469e-001
5.6963383e-001
6.1693112e-001
5.8981474e-001
5.3727424e-001
4.7118266e-001
2.6795450e-001
2.5826046e-001
2.5623527e-001
4.5266803e-001
5.1165169e-001
5.3152906e-001
4.9054552e-001
3.8848882e-001
2.1635853e-001
2.0725449e-001
1.9904061e-001
3.2991490e-001
4.1589047e-001
4.7473467e-001
5.0017479e-001
5.0917720e-001
5.1367506e-001
4.9180304e-001
4.4767433e-001
8.7126939e-001
8.9142943e-001
9.1350243e-001
9.2127722e-001
8.9108937e-001
8.5091316e-001
7.9659876e-001
7.1892751e-001
6.1775978e-001
4.8722142e-001
2.8400800e-001
0.0000000e+000
0.0000000e+000
0.0000000e+000
0.0000000e+000
2.7660428e-001
5.0741535e-001
6.0890029e-001
6.5517557e-001
5.9048094e-001
5.1333646e-001
5.0983275e-001
5.0509000e-001
5.0146239e-001
5.0155194e-001
5.7100309e-001
6.2021957e-001
6.0782824e-001
5.9913982e-001
5.8202200e-001
5.3250123e-001
4.6958390e-001
4.5647226e-001
4.4928750e-001
5.1488203e-001
5.3605245e-001
4.9447420e-001
3.8381963e-001
2.1120832e-001
0.0000000e+000
0.0000000e+000
0.0000000e+000
1.7907347e-001
2.9681036e-001
3.8137020e-001
4.4080419e-001
4.8113080e-001
4.8673811e-001
4.4526318e-001
4.0184440e-001
8.5276120e-001
8.7286276e-001
8.9488899e-001
9.0743671e-001
8.8185555e-001
8.4244789e-001
7.8501775e-001
7.0989074e-001
6.1116397e-001
4.8293743e-001
2.7930590e-001
0.0000000e+000
0.0000000e+000
0.0000000e+000
0.0000000e+000
2.7644775e-001
5.0440626e-001
6.0627248e-001
6.5402358e-001
5.9008248e-001
5.1310550e-001
5.0699980e-001
5.0597419e-001
5.7380802e-001
5.7275918e-001
6.2480422e-001
6.0978196e-001
5.5732336e-001
5.5000102e-001
5.4345874e-001
5.7603779e-001
5.2965595e-001
5.2327320e-001
5.1957352e-001
5.4283829e-001
4.9979542e-001
3.8043900e-001
2.0959738e-001
0.0000000e+000
0.0000000e+000
0.0000000e+000
0.0000000e+000
0.0000000e+000
1.6191440e-001
2.7788161e-001
3.6244145e-001
4.2275496e-001
4.3893201e-001
3.9809302e-001
3.5517213e-001
8.3432610e-001
8.5435458e-001
8.7573085e-001
8.9160369e-001
8.6676442e-001
8.2828412e-001
7.7275253e-001
6.9925934e-001
6.0331421e-001
4.7782537e-001
2.7733115e-001
0.0000000e+000
0.0000000e+000
0.0000000e+000
0.0000000e+000
2.7720035e-001
5.0394270e-001
6.0503241e-001
5.9191483e-001
5.1391697e-001
2.9392887e-001
2.9163809e-001
2.9284473e-001
5.0344879e-001
5.7188049e-001
6.1329868e-001
5.5901359e-001
4.7561239e-001
4.6134878e-001
4.4909080e-001
5.3373474e-001
5.2797817e-001
5.6222243e-001
5.6061514e-001
5.3988998e-001
4.9684608e-001
3.5832058e-001
1.9534302e-001
0.0000000e+000
0.0000000e+000
0.0000000e+000
0.0000000e+000
0.0000000e+000
1.4766005e-001
2.5517318e-001
3.3414975e-001
3.8999663e-001
3.9183064e-001
3.5178665e-001
3.0795408e-001
8.1598237e-001
8.3591948e-001
8.5722266e-001
8.7532939e-001
8.5112167e-001
8.1343082e-001
7.5888604e-001
6.8662635e-001
5.9222311e-001
4.6940105e-001
2.7717462e-001
0.0000000e+000
0.0000000e+000
0.0000000e+000
2.6710227e-001
4.9254385e-001
6.0417328e-001
5.9282160e-001
5.0729854e-001
2.8264169e-001
0.0000000e+000
0.0000000e+000
0.0000000e+000
2.8132624e-001
4.9846350e-001
5.6018662e-001
4.6752163e-001
2.6092115e-001
2.5299691e-001
2.4684234e-001
4.1695117e-001
4.0669892e-001
5.1876264e-001
5.5096741e-001
5.3829755e-001
4.7288928e-001
3.4056747e-001
1.8580794e-001
0.0000000e+000
0.0000000e+000
0.0000000e+000
0.0000000e+000
0.0000000e+000
1.3635517e-001
2.3541445e-001
3.0821774e-001
3.5912600e-001
3.4561018e-001
3.0655991e-001
2.6082059e-001
7.9849219e-001
8.1757574e-001
8.3878756e-001
8.5740896e-001
8.3416063e-001
7.9766901e-001
7.4388392e-001
6.7257386e-001
5.7935764e-001
4.5801926e-001
2.8156368e-001
0.0000000e+000
0.0000000e+000
0.0000000e+000
2.7603691e-001
5.0408060e-001
6.0036498e-001
5.1012669e-001
2.8023037e-001
0.0000000e+000
0.0000000e+000
0.0000000e+000
0.0000000e+000
2.6766178e-001
4.7563716e-001
4.6355121e-001
2.5577084e-001
0.0000000e+000
0.0000000e+000
0.0000000e+000
2.2775474e-001
2.2336986e-001
3.7717831e-001
4.8289655e-001
5.4128535e-001
5.2302571e-001
4.2664925e-001
3.0515215e-001
1.6466091e-001
0.0000000e+000
0.0000000e+000
0.0000000e+000
0.0000000e+000
1.2858978e-001
2.1966707e-001
2.8549475e-001
3.3141250e-001
3.0049094e-001
2.6153419e-001
2.1894007e-001
7.8132960e-001
8.0008557e-001
8.2103531e-001
8.4314859e-001
8.5959382e-001
8.3596652e-001
7.9645594e-001
7.4298903e-001
6.7207674e-001
5.8154251e-001
4.6079564e-001
2.7820720e-001
2.7409819e-001
2.7998940e-001
4.8777919e-001
6.1210568e-001
5.0899092e-001
2.8300470e-001
0.0000000e+000
0.0000000e+000
0.0000000e+000
0.0000000e+000
0.0000000e+000
2.5753680e-001
4.5505249e-001
4.4001696e-001
2.4269628e-001
0.0000000e+000
0.0000000e+000
0.0000000e+000
0.0000000e+000
0.0000000e+000
2.0664184e-001
3.4648280e-001
4.3903025e-001
5.0556000e-001
4.7775964e-001
3.8169641e-001
2.7226016e-001
1.4868173e-001
1.3692838e-001
1.2841423e-001
1.2402936e-001
2.1351761e-001
2.7807416e-001
3.1636995e-001
2.8997074e-001
2.5674808e-001
2.1595066e-001
1.7847853e-001
7.6457651e-001
7.8292298e-001
8.0354513e-001
8.2539634e-001
8.4840827e-001
8.5974792e-001
8.3416196e-001
7.9556105e-001
7.4249187e-001
6.7600946e-001
5.8594843e-001
4.6167518e-001
4.7263517e-001
4.7779870e-001
6.1674310e-001
6.1292243e-001
4.9194573e-001
2.7287972e-001
0.0000000e+000
0.0000000e+000
0.0000000e+000
0.0000000e+000
0.0000000e+000
2.4741172e-001
4.3623761e-001
4.2167395e-001
2.3316119e-001
0.0000000e+000
0.0000000e+000
0.0000000e+000
0.0000000e+000
0.0000000e+000
0.0000000e+000
1.8918250e-001
3.1421143e-001
4.0654156e-001
4.7307131e-001
4.2011213e-001
3.3623065e-001
2.5333141e-001
2.3512492e-001
2.2097923e-001
2.1131688e-001
2.7499231e-001
2.8006586e-001
2.7091737e-001
2.4708626e-001
2.1472589e-001
1.7600760e-001
1.3979062e-001
7.4833529e-001
7.6616989e-001
7.8638255e-001
8.0849764e-001
8.2487883e-001
8.3162218e-001
8.2124739e-001
8.0638278e-001
7.8287161e-001
7.4723144e-001
6.8034641e-001
5.8497192e-001
5.7182619e-001
5.8182246e-001
5.9122729e-001
6.1257052e-001
4.7631626e-001
2.6452443e-001
0.0000000e+000
0.0000000e+000
0.0000000e+000
0.0000000e+000
2.2730317e-001
4.1436862e-001
5.5273393e-001
5.3408285e-001
3.8706586e-001
2.1246264e-001
0.0000000e+000
0.0000000e+000
0.0000000e+000
0.0000000e+000
0.0000000e+000
0.0000000e+000
1.7158165e-001
2.9616220e-001
3.8849233e-001
3.3293604e-001
2.3982633e-001
2.2291766e-001
2.0766076e-001
1.9552080e-001
1.8385271e-001
2.1852927e-001
2.2792614e-001
2.2675783e-001
2.0613690e-001
1.7485436e-001
1.3796787e-001
1.0331987e-001
7.3273390e-001
7.4992867e-001
7.6962946e-001
7.9074357e-001
8.0016718e-001
8.0042580e-001
7.8411798e-001
7.6145852e-001
7.2799086e-001
6.9070964e-001
6.3629837e-001
5.5324429e-001
4.4042493e-001
4.4736291e-001
4.5430088e-001
4.6906974e-001
6.0551320e-001
4.4387850e-001
2.4132489e-001
0.0000000e+000
0.0000000e+000
0.0000000e+000
2.2071757e-001
4.0015499e-001
5.3995193e-001
5.8599750e-001
4.9071097e-001
3.5393794e-001
1.9471368e-001
1.8414022e-001
0.0000000e+000
0.0000000e+000
0.0000000e+000
0.0000000e+000
1.5791719e-001
2.7451576e-001
3.2755882e-001
2.3662220e-001
1.3123973e-001
1.2184606e-001
1.1304229e-001
1.0629783e-001
1.0014337e-001
1.5265704e-001
1.7467042e-001
1.8347728e-001
1.6686908e-001
1.3767127e-001
1.0230720e-001
6.9620540e-002
7.1793230e-001
7.3432728e-001
7.5279675e-001
7.7206658e-001
7.7397774e-001
7.6613045e-001
7.4240634e-001
7.1000333e-001
6.6482939e-001
6.1079670e-001
5.3535142e-001
4.2745511e-001
2.6051138e-001
2.5616839e-001
2.5182541e-001
2.5826950e-001
4.3913392e-001
5.7139895e-001
4.2364162e-001
2.3558840e-001
2.3006562e-001
2.2867222e-001
3.9614268e-001
5.3272975e-001
6.0786091e-001
6.2460249e-001
5.5710653e-001
4.4737651e-001
3.2269336e-001
1.7784424e-001
0.0000000e+000
0.0000000e+000
0.0000000e+000
0.0000000e+000
1.4720232e-001
2.5463890e-001
2.3265168e-001
1.2814884e-001
0.0000000e+000
0.0000000e+000
0.0000000e+000
0.0000000e+000
0.0000000e+000
8.2235450e-002
1.2001960e-001
1.4203297e-001
1.3044059e-001
1.0311124e-001
7.3738340e-002
4.4532660e-002
7.0486978e-001
7.1852378e-001
7.3539194e-001
7.5098335e-001
7.4520174e-001
7.2796142e-001
6.9496695e-001
6.5038452e-001
5.9057780e-001
5.1560564e-001
4.1312848e-001
2.5369089e-001
0.0000000e+000
0.0000000e+000
0.0000000e+000
0.0000000e+000
2.3967216e-001
4.1190697e-001
5.4428992e-001
4.0976344e-001
4.0218209e-001
3.9849408e-001
5.2871744e-001
6.1506882e-001
6.5092689e-001
6.5371412e-001
5.9713458e-001
5.0859305e-001
4.0892092e-001
2.9497327e-001
1.6244423e-001
0.0000000e+000
0.0000000e+000
0.0000000e+000
1.3648734e-001
2.3417224e-001
2.1076919e-001
1.1566417e-001
0.0000000e+000
0.0000000e+000
0.0000000e+000
0.0000000e+000
0.0000000e+000
0.0000000e+000
6.3448110e-002
1.0123215e-001
9.6647060e-002
7.1653270e-002
4.6934010e-002
2.3796070e-002
6.9523348e-001
7.0546129e-001
7.1899696e-001
7.3132117e-001
7.1666296e-001
6.8694199e-001
6.4235956e-001
5.8255284e-001
5.0371574e-001
4.0183001e-001
2.4805031e-001
0.0000000e+000
0.0000000e+000
0.0000000e+000
0.0000000e+000
0.0000000e+000
0.0000000e+000
2.2593550e-001
3.9758031e-001
5.3114316e-001
5.3225129e-001
5.2613777e-001
6.2272947e-001
6.5858754e-001
6.8367542e-001
6.6844383e-001
6.1875263e-001
5.4588300e-001
4.6470113e-001
3.7312921e-001
2.6856970e-001
1.4777552e-001
1.3926138e-001
1.3369671e-001
2.2973899e-001
2.6938820e-001
1.9242619e-001
1.0612898e-001
0.0000000e+000
0.0000000e+000
0.0000000e+000
0.0000000e+000
0.0000000e+000
0.0000000e+000
5.2284750e-002
8.1727960e-002
6.6884660e-002
4.4810370e-002
2.4178590e-002
8.4986000e-003
6.8988000e-001
6.9582499e-001
7.0652591e-001
7.1343532e-001
6.9703053e-001
6.6909330e-001
6.2674054e-001
5.6972088e-001
4.9436771e-001
3.9609749e-001
2.3452727e-001
0.0000000e+000
0.0000000e+000
0.0000000e+000
0.0000000e+000
0.0000000e+000
0.0000000e+000
2.1536204e-001
3.7972789e-001
5.0864728e-001
6.0861968e-001
6.1885896e-001
6.6599085e-001
6.9169826e-001
7.0612082e-001
6.8162250e-001
6.2663371e-001
5.6600164e-001
5.0011676e-001
4.2692868e-001
3.4608631e-001
2.5420126e-001
2.4005557e-001
2.2885946e-001
2.9765533e-001
2.4790698e-001
1.7657939e-001
9.7325210e-002
0.0000000e+000
0.0000000e+000
0.0000000e+000
0.0000000e+000
0.0000000e+000
0.0000000e+000
4.3480980e-002
6.3645560e-002
4.2161150e-002
2.2998800e-002
8.2138800e-003
0.0000000e+000
