0.0000000e+000
2.6618100e-003
7.4531700e-003
1.3948060e-002
2.1805790e-002
3.0753830e-002
4.0894470e-002
5.1989090e-002
6.3846900e-002
7.0570320e-002
3.9081050e-002
0.0000000e+000
0.0000000e+000
0.0000000e+000
0.0000000e+000
0.0000000e+000
0.0000000e+000
5.5476110e-002
8.9686770e-002
7.9564780e-002
7.2666880e-002
7.3082210e-002
8.1112610e-002
8.7670600e-002
8.7024660e-002
8.5756030e-002
8.1396580e-002
6.5548490e-002
5.2831280e-002
4.0177840e-002
3.4107930e-002
4.5884080e-002
5.3052400e-002
4.5593600e-002
3.7662260e-002
3.0535200e-002
2.5584770e-002
2.3355010e-002
0.0000000e+000
0.0000000e+000
0.0000000e+000
0.0000000e+000
0.0000000e+000
0.0000000e+000
5.0323800e-003
4.3694000e-003
2.2297300e-003
0.0000000e+000
1.1182000e-004
0.0000000e+000
2.9044600e-003
7.6958100e-003
1.4433350e-002
2.2291080e-002
3.0996480e-002
4.0816810e-002
5.1849300e-002
6.3657440e-002
7.6328770e-002
8.0002990e-002
4.5853300e-002
0.0000000e+000
0.0000000e+000
0.0000000e+000
0.0000000e+000
0.0000000e+000
0.0000000e+000
5.9931570e-002
1.0983388e-001
9.5289520e-002
8.5864940e-002
8.6671610e-002
9.5907410e-002
1.0548209e-001
1.0605187e-001
1.0475359e-001
1.0153209e-001
8.2860090e-002
6.7012010e-002
5.3423040e-002
4.2782590e-002
5.1422580e-002
4.5369730e-002
4.2933140e-002
3.9161090e-002
3.2548520e-002
2.7069980e-002
2.4180150e-002
0.0000000e+000
0.0000000e+000
0.0000000e+000
0.0000000e+000
0.0000000e+000
0.0000000e+000
6.3879000e-003
8.7801100e-003
5.7755700e-003
2.6990000e-003
1.9633000e-003
2.2361300e-003
8.1325900e-003
1.4627480e-002
2.2679340e-002
3.1870030e-002
4.1496240e-002
5.1771650e-002
6.3760290e-002
7.6251110e-002
8.9308190e-002
9.6872590e-002
8.6273570e-002
5.2152360e-002
0.0000000e+000
0.0000000e+000
0.0000000e+000
0.0000000e+000
6.1045140e-002
1.1276948e-001
1.2987085e-001
1.1197790e-001
9.8305280e-002
9.8511430e-002
1.1034368e-001
1.2368924e-001
1.2686835e-001
1.2589187e-001
1.1367491e-001
1.0066033e-001
8.0419180e-002
6.3315770e-002
4.7850770e-002
0.0000000e+000
0.0000000e+000
0.0000000e+000
4.4126030e-002
3.9417040e-002
3.3741410e-002
2.7325940e-002
0.0000000e+000
0.0000000e+000
0.0000000e+000
0.0000000e+000
0.0000000e+000
0.0000000e+000
1.2045170e-002
1.5944610e-002
1.1311260e-002
6.6202400e-003
6.1435000e-003
5.5366300e-003
1.5219560e-002
2.3077290e-002
3.2423280e-002
4.2437690e-002
5.2557850e-002
6.3440000e-002
7.5999510e-002
8.9029260e-002
1.0267786e-001
1.1161437e-001
1.0713466e-001
9.8427610e-002
5.9267100e-002
6.1828520e-002
6.4301230e-002
6.5468990e-002
1.1619944e-001
1.5046485e-001
1.2022964e-001
7.0773940e-002
7.2222110e-002
7.6958810e-002
1.2542151e-001
1.4348065e-001
1.4137119e-001
1.2854151e-001
1.1712672e-001
1.0681655e-001
9.5952840e-002
7.4037920e-002
0.0000000e+000
0.0000000e+000
0.0000000e+000
0.0000000e+000
5.2457560e-002
5.1145270e-002
4.5311960e-002
3.7012920e-002
0.0000000e+000
0.0000000e+000
0.0000000e+000
0.0000000e+000
0.0000000e+000
2.8123560e-002
2.2080770e-002
2.5312120e-002
1.8438790e-002
1.2456230e-002
1.1249720e-002
9.9390800e-003
2.3898790e-002
3.3089530e-002
4.3228170e-002
5.4144180e-002
6.4902150e-002
7.6027070e-002
8.9299460e-002
1.0270541e-001
1.1684910e-001
1.2666015e-001
1.2573821e-001
1.2247682e-001
1.1037477e-001
1.1498526e-001
1.1959579e-001
1.2139557e-001
1.5179767e-001
1.2235445e-001
6.3659540e-002
0.0000000e+000
0.0000000e+000
0.0000000e+000
8.1772250e-002
1.5021382e-001
1.4647561e-001
1.3415729e-001
1.2338165e-001
1.1387041e-001
8.5298200e-002
8.0811950e-002
0.0000000e+000
0.0000000e+000
0.0000000e+000
0.0000000e+000
6.3482310e-002
6.5824360e-002
5.9864930e-002
5.0995940e-002
6.1357240e-002
6.7199580e-002
6.0501430e-002
5.3160180e-002
4.5599620e-002
3.6593750e-002
3.1871320e-002
3.3631270e-002
2.5902860e-002
1.8887100e-002
1.7096750e-002
1.5223120e-002
3.4094610e-002
4.4351660e-002
5.5124400e-002
6.6519070e-002
7.8029920e-002
8.9349060e-002
1.0319178e-001
1.1689869e-001
1.3119579e-001
1.4170647e-001
1.4363077e-001
1.4130291e-001
1.3729167e-001
1.4373339e-001
1.5041776e-001
1.5410761e-001
1.3066423e-001
7.3147620e-002
0.0000000e+000
0.0000000e+000
0.0000000e+000
0.0000000e+000
8.2511790e-002
1.5343109e-001
1.5513505e-001
1.4304562e-001
1.3255611e-001
9.0965900e-002
0.0000000e+000
0.0000000e+000
0.0000000e+000
0.0000000e+000
0.0000000e+000
0.0000000e+000
8.1346340e-002
8.1927200e-002
7.4929900e-002
6.4668040e-002
7.2131960e-002
7.5043750e-002
6.9797080e-002
6.2631250e-002
5.5290000e-002
4.5855580e-002
4.2189440e-002
4.3709210e-002
3.5296740e-002
2.6517460e-002
2.5197000e-002
2.1936040e-002
4.5503550e-002
5.6613690e-002
6.7893750e-002
7.9913980e-002
9.1784500e-002
1.0350166e-001
1.1755799e-001
1.3126301e-001
1.4568283e-001
1.5625830e-001
1.4108781e-001
1.1689705e-001
1.1873412e-001
1.2456825e-001
1.5846994e-001
1.7036191e-001
1.3503868e-001
7.5312960e-002
0.0000000e+000
0.0000000e+000
0.0000000e+000
0.0000000e+000
0.0000000e+000
9.0068760e-002
1.6541762e-001
1.5579679e-001
9.8991670e-002
0.0000000e+000
0.0000000e+000
0.0000000e+000
0.0000000e+000
0.0000000e+000
0.0000000e+000
9.8660610e-002
1.0093408e-001
9.9169000e-002
9.1341430e-002
7.9028360e-002
8.3237430e-002
8.2867880e-002
7.7845410e-002
6.9883010e-002
6.3654140e-002
5.5750720e-002
5.2929610e-002
5.4257260e-002
4.5297540e-002
3.6044380e-002
3.5099810e-002
3.0729000e-002
5.7883080e-002
6.9675700e-002
8.1361590e-002
9.3882260e-002
1.0604052e-001
1.1783344e-001
1.3206065e-001
1.4600682e-001
1.5733885e-001
1.4170036e-001
1.1680598e-001
6.4955670e-002
6.5069940e-002
6.9670640e-002
1.2878426e-001
1.6694522e-001
1.4051544e-001
7.8885080e-002
0.0000000e+000
0.0000000e+000
0.0000000e+000
0.0000000e+000
0.0000000e+000
9.3637260e-002
1.7231003e-001
1.7035725e-001
1.0209197e-001
0.0000000e+000
0.0000000e+000
0.0000000e+000
0.0000000e+000
0.0000000e+000
1.0474842e-001
1.3565636e-001
1.2096382e-001
1.1732202e-001
1.0789329e-001
9.3939230e-002
9.1925380e-002
8.1055940e-002
7.2014070e-002
6.7598940e-002
6.7209540e-002
6.4278670e-002
6.4007470e-002
6.6118300e-002
5.6720800e-002
4.7088540e-002
4.6444690e-002
4.1185990e-002
7.1039070e-002
8.3377650e-002
9.5388210e-002
1.0830924e-001
1.2069769e-001
1.3255122e-001
1.4691514e-001
1.5937422e-001
1.4390682e-001
1.1946283e-001
6.7311800e-002
0.0000000e+000
0.0000000e+000
0.0000000e+000
7.2663080e-002
1.3493910e-001
1.7828080e-001
1.4506876e-001
8.3006590e-002
0.0000000e+000
0.0000000e+000
0.0000000e+000
0.0000000e+000
9.7206790e-002
1.8061035e-001
1.9011296e-001
1.0801447e-001
0.0000000e+000
0.0000000e+000
0.0000000e+000
1.1074524e-001
1.1083626e-001
1.6506384e-001
1.5367037e-001
1.4062351e-001
1.3548034e-001
1.2193664e-001
1.0669306e-001
9.0212350e-002
0.0000000e+000
0.0000000e+000
0.0000000e+000
0.0000000e+000
7.1712880e-002
7.5355450e-002
7.9029770e-002
7.0218970e-002
5.9346490e-002
5.8006310e-002
5.2974190e-002
8.4816200e-002
9.7348910e-002
1.0986185e-001
1.2286052e-001
1.3543313e-001
1.4757780e-001
1.6205108e-001
1.6776385e-001
1.5032841e-001
1.2219645e-001
6.8150680e-002
0.0000000e+000
0.0000000e+000
0.0000000e+000
7.1172320e-002
1.3481773e-001
1.8285824e-001
1.9216301e-001
1.5390769e-001
8.8953710e-002
0.0000000e+000
0.0000000e+000
0.0000000e+000
1.0359380e-001
1.9070623e-001
2.1121397e-001
1.9580803e-001
1.1621027e-001
1.1849259e-001
1.1847852e-001
1.8978331e-001
1.8390315e-001
1.8025122e-001
1.6984363e-001
1.5811334e-001
1.4606631e-001
1.2952306e-001
9.7186410e-002
0.0000000e+000
0.0000000e+000
0.0000000e+000
0.0000000e+000
0.0000000e+000
7.7335110e-002
8.6919510e-002
9.2781600e-002
8.3503210e-002
7.2575500e-002
7.0678190e-002
6.5827400e-002
9.8847620e-002
1.1177828e-001
1.2469313e-001
1.3775390e-001
1.5047383e-001
1.6285141e-001
1.7741219e-001
1.7673584e-001
1.5747796e-001
1.2696937e-001
7.1028900e-002
0.0000000e+000
0.0000000e+000
0.0000000e+000
0.0000000e+000
7.9710010e-002
1.4767089e-001
1.9864191e-001
2.0695404e-001
1.6570045e-001
9.7003480e-002
9.7705500e-002
1.0244220e-001
1.8956859e-001
2.4101064e-001
2.3151742e-001
2.1789988e-001
2.1413566e-001
2.0842485e-001
2.0247491e-001
2.1093740e-001
2.0314805e-001
1.9488679e-001
1.8620485e-001
1.7507352e-001
1.5754548e-001
1.3959372e-001
1.0107277e-001
0.0000000e+000
0.0000000e+000
0.0000000e+000
0.0000000e+000
0.0000000e+000
8.1746890e-002
1.0053030e-001
1.0720565e-001
9.7553220e-002
8.6581310e-002
8.4238350e-002
7.8595650e-002
1.1332509e-001
1.2657412e-001
1.3956784e-001
1.5292097e-001
1.6575875e-001
1.7808000e-001
1.9295343e-001
1.8652896e-001
1.6595724e-001
1.3402628e-001
7.4722800e-002
0.0000000e+000
0.0000000e+000
0.0000000e+000
0.0000000e+000
8.2180360e-002
1.5293323e-001
2.0626706e-001
2.4576651e-001
2.2187823e-001
1.7748445e-001
1.8160555e-001
1.8907107e-001
2.5278109e-001
2.6060136e-001
2.5118280e-001
2.3899598e-001
2.4599092e-001
2.4537724e-001
2.3561240e-001
2.2357013e-001
2.1604584e-001
2.0908097e-001
2.0271645e-001
1.9251861e-001
1.7509844e-001
1.5725664e-001
1.0512332e-001
0.0000000e+000
0.0000000e+000
0.0000000e+000
0.0000000e+000
0.0000000e+000
8.5797440e-002
1.1671544e-001
1.2216753e-001
1.1221586e-001
1.0120859e-001
9.8509080e-002
9.2232890e-002
1.2815943e-001
1.4166315e-001
1.5471997e-001
1.6806431e-001
1.8123903e-001
1.9351523e-001
2.0839612e-001
1.9697628e-001
1.7495095e-001
1.4165419e-001
7.9640300e-002
0.0000000e+000
0.0000000e+000
0.0000000e+000
0.0000000e+000
8.5058570e-002
1.5933757e-001
2.1443575e-001
2.5555382e-001
2.3752955e-001
1.8694406e-001
1.9277816e-001
1.9779653e-001
2.0354906e-001
2.1174873e-001
2.6940081e-001
2.5929547e-001
2.6359861e-001
2.6087793e-001
2.4989942e-001
2.3616198e-001
2.1063221e-001
2.0464532e-001
1.9887189e-001
2.0896036e-001
1.9279447e-001
1.7722826e-001
1.5938646e-001
1.0566538e-001
0.0000000e+000
0.0000000e+000
0.0000000e+000
9.2607310e-002
1.2283518e-001
1.3236255e-001
1.3683604e-001
1.2570801e-001
1.1467247e-001
1.1168775e-001
1.0490471e-001
1.4303660e-001
1.5674407e-001
1.7009402e-001
1.8343134e-001
1.9687562e-001
2.0935842e-001
2.2424528e-001
2.1784890e-001
2.0321079e-001
1.8062249e-001
1.4745435e-001
8.3765310e-002
0.0000000e+000
0.0000000e+000
0.0000000e+000
9.2015350e-002
1.6982048e-001
2.2503095e-001
2.3828505e-001
1.8087862e-001
1.0523022e-001
1.0779164e-001
1.1035300e-001
1.1332229e-001
1.1833081e-001
2.1881976e-001
2.7802077e-001
2.8110742e-001
2.7205597e-001
2.5624264e-001
2.1780129e-001
1.2847314e-001
1.2486182e-001
1.2612953e-001
1.9947553e-001
2.1224780e-001
1.9850202e-001
1.8199887e-001
1.6985018e-001
1.0633060e-001
1.0294526e-001
9.9540320e-002
1.4588475e-001
1.4171938e-001
1.4851617e-001
1.5033288e-001
1.3826380e-001
1.2626870e-001
1.2305581e-001
1.1586730e-001
1.5770539e-001
1.7181852e-001
1.8540297e-001
1.9897732e-001
2.1239458e-001
2.2504267e-001
2.3993430e-001
2.3779936e-001
2.2882836e-001
2.1317692e-001
1.9034597e-001
1.5573878e-001
9.0064380e-002
9.1402200e-002
9.4371430e-002
1.7176872e-001
2.2602911e-001
2.3945084e-001
1.8160328e-001
9.7252410e-002
0.0000000e+000
0.0000000e+000
0.0000000e+000
0.0000000e+000
0.0000000e+000
1.2621759e-001
2.3230862e-001
2.9853707e-001
2.8118861e-001
2.3060468e-001
1.3176449e-001
0.0000000e+000
0.0000000e+000
0.0000000e+000
1.2677422e-001
2.0059492e-001
2.1988061e-001
2.0538526e-001
2.0345646e-001
1.7096547e-001
1.6493343e-001
1.5880455e-001
1.6954806e-001
1.6212324e-001
1.6579860e-001
1.6548992e-001
1.5173107e-001
1.3896830e-001
1.3557285e-001
1.2806003e-001
1.7220747e-001
1.8664512e-001
2.0017453e-001
2.1393850e-001
2.2757681e-001
2.4035712e-001
2.5549523e-001
2.5652677e-001
2.5233212e-001
2.4247281e-001
2.2638459e-001
2.0315508e-001
1.6703335e-001
1.7025716e-001
1.7519397e-001
2.2826257e-001
2.4603173e-001
1.8970650e-001
1.0545599e-001
0.0000000e+000
0.0000000e+000
0.0000000e+000
0.0000000e+000
0.0000000e+000
0.0000000e+000
1.2828007e-001
2.3724468e-001
3.0864061e-001
2.4377901e-001
1.3309186e-001
0.0000000e+000
0.0000000e+000
0.0000000e+000
0.0000000e+000
1.3059901e-001
2.0754110e-001
2.4040608e-001
2.2751701e-001
2.2374425e-001
2.1442949e-001
2.0204106e-001
1.9604034e-001
1.8957087e-001
1.8186895e-001
1.8304718e-001
1.8056356e-001
1.6489664e-001
1.5161368e-001
1.4713526e-001
1.3936295e-001
1.8657618e-001
2.0097565e-001
2.1475882e-001
2.2867450e-001
2.4248964e-001
2.5537573e-001
2.7061542e-001
2.7476105e-001
2.7438748e-001
2.6867657e-001
2.5822519e-001
2.4181812e-001
2.1741668e-001
2.2344105e-001
2.3076602e-001
2.5012605e-001
2.5428778e-001
1.9578456e-001
1.0792629e-001
0.0000000e+000
0.0000000e+000
0.0000000e+000
0.0000000e+000
0.0000000e+000
0.0000000e+000
1.3482899e-001
2.4617773e-001
2.5386842e-001
1.4161489e-001
0.0000000e+000
0.0000000e+000
0.0000000e+000
0.0000000e+000
0.0000000e+000
1.3454694e-001
2.1350811e-001
2.6024909e-001
2.4958197e-001
2.4433403e-001
2.3371554e-001
2.2063813e-001
2.1407552e-001
2.0901173e-001
2.0108814e-001
1.9933173e-001
1.9310310e-001
1.7746393e-001
1.6421567e-001
1.5887089e-001
1.4995405e-001
2.0083820e-001
2.1515231e-001
2.2919330e-001
2.4323034e-001
2.5694430e-001
2.7015766e-001
2.8520802e-001
2.9211553e-001
2.9479882e-001
2.8765586e-001
2.6273811e-001
2.2856692e-001
1.7906344e-001
1.8106368e-001
1.8640834e-001
1.9509744e-001
2.5611790e-001
2.0545176e-001
1.1488307e-001
0.0000000e+000
0.0000000e+000
0.0000000e+000
1.2308942e-001
1.2728224e-001
1.3392222e-001
2.4606855e-001
3.2692657e-001
2.5970176e-001
1.4326952e-001
0.0000000e+000
0.0000000e+000
0.0000000e+000
0.0000000e+000
0.0000000e+000
1.3859749e-001
2.1634269e-001
2.6667025e-001
2.7065657e-001
2.6422848e-001
2.5256701e-001
2.3893841e-001
2.3192628e-001
2.2705013e-001
2.1894919e-001
2.1484507e-001
2.0408383e-001
1.8925390e-001
1.7584602e-001
1.6980815e-001
1.5997567e-001
2.1477222e-001
2.2882393e-001
2.4296979e-001
2.5743362e-001
2.7151773e-001
2.8475027e-001
2.9964915e-001
3.0636238e-001
2.8911081e-001
2.6381865e-001
2.2917947e-001
1.7897239e-001
9.9945730e-002
9.9244320e-002
1.0221355e-001
1.0885353e-001
2.0135276e-001
2.6685470e-001
2.1252279e-001
1.2195412e-001
1.2369981e-001
1.2666910e-001
2.2892560e-001
2.3688055e-001
2.4638536e-001
3.2733663e-001
3.4871115e-001
2.6904267e-001
1.4981844e-001
0.0000000e+000
0.0000000e+000
0.0000000e+000
0.0000000e+000
1.4614537e-001
2.2245651e-001
2.7278406e-001
3.0271628e-001
2.9187580e-001
2.8356666e-001
2.7200775e-001
2.5700128e-001
2.4962951e-001
2.4396652e-001
2.3478679e-001
2.2873202e-001
2.1475449e-001
1.9948510e-001
1.8669907e-001
1.7989359e-001
1.6954172e-001
2.2868648e-001
2.4272238e-001
2.5685560e-001
2.7106667e-001
2.8558267e-001
2.9919139e-001
3.0706625e-001
2.9056283e-001
2.6590255e-001
2.3104622e-001
1.8040566e-001
1.0026257e-001
0.0000000e+000
0.0000000e+000
0.0000000e+000
0.0000000e+000
1.1429312e-001
2.1155191e-001
2.8204748e-001
2.2443494e-001
2.2839289e-001
2.3414542e-001
3.0931974e-001
3.1832386e-001
3.2782300e-001
3.9315582e-001
4.0371574e-001
3.4660722e-001
2.6746300e-001
1.5699790e-001
1.5873314e-001
1.5627994e-001
1.5303827e-001
2.3662802e-001
2.8442669e-001
3.2085829e-001
3.2223900e-001
3.1133688e-001
3.0152289e-001
2.8910910e-001
2.7300033e-001
2.6534084e-001
2.5811146e-001
2.4900563e-001
2.3652011e-001
2.2255363e-001
2.0846929e-001
1.9599333e-001
1.8711715e-001
1.7780641e-001
2.4258493e-001
2.5660820e-001
2.7073130e-001
2.8493428e-001
2.9920116e-001
3.1326869e-001
3.1694544e-001
2.9945301e-001
2.7355647e-001
2.3745810e-001
1.8362871e-001
1.0069359e-001
0.0000000e+000
0.0000000e+000
0.0000000e+000
0.0000000e+000
1.1472419e-001
2.1395925e-001
2.8807112e-001
2.9786237e-001
3.0472145e-001
3.1243467e-001
3.7256290e-001
3.8299101e-001
3.9381512e-001
4.3040401e-001
4.2594774e-001
4.0586294e-001
3.4497046e-001
2.6655369e-001
2.6131705e-001
2.5480490e-001
2.4714481e-001
3.0283435e-001
3.3692396e-001
3.4861473e-001
3.4127980e-001
3.2939143e-001
3.1837357e-001
3.0218077e-001
2.8641138e-001
2.7852174e-001
2.6873458e-001
2.5530948e-001
2.4190181e-001
2.2851599e-001
2.1515744e-001
2.0358875e-001
1.9425739e-001
1.8596693e-001
2.5622810e-001
2.7004713e-001
2.8424949e-001
2.9827323e-001
3.1239672e-001
3.2660001e-001
3.2730791e-001
3.0894729e-001
2.8196551e-001
2.4451059e-001
1.8921733e-001
1.0561109e-001
0.0000000e+000
0.0000000e+000
0.0000000e+000
0.0000000e+000
1.1923382e-001
2.2003730e-001
2.9584186e-001
3.5535855e-001
3.6592968e-001
3.7532506e-001
4.2665245e-001
4.3821973e-001
4.5034647e-001
4.5388766e-001
4.4809291e-001
4.2979533e-001
4.0900469e-001
3.4374226e-001
3.3636027e-001
3.2827673e-001
3.1863709e-001
3.5903940e-001
3.6778298e-001
3.6709581e-001
3.5806120e-001
3.4347109e-001
3.2700050e-001
3.1154177e-001
2.9734785e-001
2.8473495e-001
2.7234256e-001
2.5905467e-001
2.4581853e-001
2.3264709e-001
2.1955653e-001
2.0832286e-001
2.0058139e-001
1.9310714e-001
2.6966703e-001
2.8332267e-001
2.9715167e-001
3.1111938e-001
3.2519803e-001
3.3960811e-001
3.3351776e-001
3.3329976e-001
3.1469649e-001
2.8690909e-001
2.4921153e-001
1.9420178e-001
1.0978338e-001
0.0000000e+000
0.0000000e+000
0.0000000e+000
1.2415132e-001
2.2848093e-001
3.0522381e-001
3.6635912e-001
4.1814861e-001
4.2913237e-001
4.7341908e-001
4.8589771e-001
4.8783277e-001
4.7609720e-001
4.7016860e-001
4.5236387e-001
4.3514563e-001
4.0841426e-001
3.9931596e-001
3.8965645e-001
3.7843316e-001
3.9281390e-001
3.8620890e-001
3.8190064e-001
3.6401366e-001
3.4678443e-001
3.2920622e-001
3.1236297e-001
2.9760957e-001
2.8546849e-001
2.7249472e-001
2.5965122e-001
2.4697061e-001
2.3449356e-001
2.2227102e-001
2.1212230e-001
2.0456596e-001
1.9849423e-001
2.8294257e-001
2.9646750e-001
3.1019194e-001
3.2407598e-001
3.3808771e-001
3.2860167e-001
3.1325078e-001
3.2401828e-001
3.3495661e-001
3.2359495e-001
2.9609874e-001
2.5903207e-001
2.0420279e-001
1.1852959e-001
1.2027528e-001
1.2446811e-001
2.2961345e-001
3.0549401e-001
3.6614402e-001
4.1834763e-001
4.6317612e-001
4.7543057e-001
5.1408474e-001
5.1532432e-001
5.0943680e-001
4.9728746e-001
4.9031485e-001
4.7384132e-001
4.5783700e-001
4.5531974e-001
4.4441117e-001
4.3090138e-001
4.2052844e-001
4.1094907e-001
4.0343533e-001
3.8685611e-001
3.6827204e-001
3.4900029e-001
3.3004010e-001
3.1264054e-001
2.9719175e-001
2.8043526e-001
2.7012109e-001
2.5591945e-001
2.4271227e-001
2.3434293e-001
2.2366027e-001
2.1543643e-001
2.0911497e-001
2.0341571e-001
2.9584475e-001
3.0931364e-001
3.2275060e-001
3.3640466e-001
3.2602992e-001
3.0858781e-001
2.8506487e-001
2.9449325e-001
3.0413516e-001
3.1349154e-001
3.3637556e-001
3.0938407e-001
2.7412717e-001
2.1827079e-001
2.2304446e-001
2.3018369e-001
3.0636862e-001
3.6638773e-001
4.1813254e-001
4.6294815e-001
5.0226810e-001
5.1547883e-001
5.4281156e-001
5.3573969e-001
5.2920572e-001
5.1672536e-001
5.0891753e-001
4.9257205e-001
4.7753885e-001
4.7329531e-001
4.6233872e-001
4.4836422e-001
4.3689920e-001
4.2397616e-001
4.0716181e-001
3.8893105e-001
3.6892977e-001
3.4905767e-001
3.2817587e-001
3.0837430e-001
2.8702262e-001
2.2620784e-001
2.2349890e-001
2.2034354e-001
2.3074816e-001
2.2591203e-001
2.1747920e-001
2.0921004e-001
2.1242907e-001
2.0796475e-001
3.0869089e-001
3.2187230e-001
3.3507927e-001
3.2419157e-001
3.0615156e-001
2.8071830e-001
2.4698032e-001
2.5443147e-001
2.6275617e-001
2.7112434e-001
3.1892043e-001
3.5267536e-001
3.2817995e-001
2.9067941e-001
2.9816939e-001
3.0678527e-001
3.6735762e-001
4.1835506e-001
4.6297571e-001
5.0205300e-001
5.3656168e-001
5.5052715e-001
5.6203913e-001
5.5362075e-001
5.4750655e-001
5.3476137e-001
5.2534844e-001
5.0910539e-001
4.9484909e-001
4.8922452e-001
4.7555241e-001
4.6016350e-001
4.4371453e-001
4.2594049e-001
4.0768128e-001
3.8764444e-001
3.6655672e-001
3.4415540e-001
3.2128326e-001
2.9872520e-001
2.3279520e-001
1.4609453e-001
1.4252541e-001
1.3901785e-001
2.1675958e-001
2.1070795e-001
2.0472106e-001
2.0290954e-001
2.0882610e-001
2.1221578e-001
3.2124955e-001
3.3420097e-001
3.2282735e-001
3.0463205e-001
2.7845142e-001
2.4302923e-001
1.8514968e-001
1.8984177e-001
1.9738887e-001
2.0607438e-001
2.7655324e-001
3.2893510e-001
3.7394658e-001
3.4765625e-001
3.5711568e-001
3.6747584e-001
4.1915853e-001
4.6318128e-001
5.0210259e-001
5.3634658e-001
5.6700624e-001
5.8157550e-001
5.7990687e-001
5.7134822e-001
5.6275904e-001
5.5073894e-001
5.3879828e-001
5.2379388e-001
5.0899672e-001
4.9445860e-001
4.7907312e-001
4.6379961e-001
4.4866605e-001
4.3136511e-001
4.1369727e-001
3.9322848e-001
3.7160082e-001
3.4969575e-001
3.1394599e-001
2.4417891e-001
1.5338583e-001
0.0000000e+000
0.0000000e+000
0.0000000e+000
1.3198222e-001
1.2869950e-001
1.2539626e-001
1.9544028e-001
2.0269623e-001
2.0861281e-001
3.3382087e-001
3.2214318e-001
3.0370522e-001
2.7733047e-001
2.3907941e-001
1.7960206e-001
1.0287383e-001
1.0502738e-001
1.0922017e-001
1.1540501e-001
2.1187454e-001
2.8676202e-001
3.4357927e-001
3.9274319e-001
4.0728242e-001
4.1879534e-001
4.6307575e-001
5.0172488e-001
5.3586898e-001
5.6640906e-001
5.9406593e-001
6.0570967e-001
5.9574983e-001
5.8669434e-001
5.7086745e-001
5.5570612e-001
5.3903440e-001
5.2332424e-001
5.0764488e-001
4.9200403e-001
4.7641129e-001
4.6087870e-001
4.4425013e-001
4.2625159e-001
4.0654058e-001
3.8586017e-001
3.6396798e-001
3.4056108e-001
3.1760312e-001
2.5300834e-001
1.5710799e-001
0.0000000e+000
0.0000000e+000
0.0000000e+000
0.0000000e+000
0.0000000e+000
0.0000000e+000
1.3304583e-001
1.9710085e-001
2.0320443e-001
3.2152043e-001
3.0332512e-001
2.7695038e-001
2.3740424e-001
1.7711117e-001
9.9112070e-002
0.0000000e+000
0.0000000e+000
0.0000000e+000
0.0000000e+000
1.1998158e-001
2.2052025e-001
3.0030941e-001
3.6065169e-001
4.1263563e-001
4.5744757e-001
4.9652193e-001
5.3124887e-001
5.6225523e-001
5.9052776e-001
6.1612794e-001
6.1874500e-001
6.0326377e-001
5.8736335e-001
5.7093894e-001
5.5385952e-001
5.3713253e-001
5.2018213e-001
5.0295246e-001
4.8537371e-001
4.6970094e-001
4.5406832e-001
4.3731470e-001
4.1798869e-001
3.9778951e-001
3.7649887e-001
3.5384390e-001
3.2948353e-001
3.0533374e-001
2.6126379e-001
1.6095330e-001
0.0000000e+000
0.0000000e+000
0.0000000e+000
0.0000000e+000
0.0000000e+000
0.0000000e+000
1.3558296e-001
1.8934184e-001
1.9634215e-001
3.2840999e-001
3.0908490e-001
2.8160122e-001
2.3808080e-001
1.7690822e-001
9.8319540e-002
0.0000000e+000
0.0000000e+000
0.0000000e+000
0.0000000e+000
0.0000000e+000
1.2496603e-001
2.3157884e-001
3.1523895e-001
3.7834452e-001
4.3229644e-001
4.7892542e-001
5.1945341e-001
5.5534326e-001
5.8727993e-001
6.1629672e-001
6.1955901e-001
6.0234534e-001
5.8545052e-001
5.6778312e-001
5.4914996e-001
5.3048080e-001
5.1110268e-001
4.3583217e-001
4.3026137e-001
4.2365743e-001
4.1600756e-001
4.0599802e-001
4.0872360e-001
3.8778570e-001
3.6440049e-001
3.4146965e-001
3.1676443e-001
2.9218357e-001
2.6775817e-001
2.4469824e-001
1.6124908e-001
1.5638336e-001
0.0000000e+000
0.0000000e+000
0.0000000e+000
0.0000000e+000
1.3947592e-001
1.8824762e-001
1.9420472e-001
3.3597168e-001
3.1568483e-001
2.8730227e-001
2.4045405e-001
1.7882613e-001
9.9158470e-002
0.0000000e+000
0.0000000e+000
0.0000000e+000
0.0000000e+000
0.0000000e+000
1.2498923e-001
2.3243632e-001
3.1955433e-001
3.8432122e-001
4.3935954e-001
4.8685765e-001
5.2832359e-001
5.6472114e-001
5.9730664e-001
6.1458748e-001
5.8755745e-001
5.9789196e-001
5.8002434e-001
5.6023560e-001
5.3895078e-001
5.1696704e-001
4.4056036e-001
3.3292143e-001
3.3519840e-001
3.3285675e-001
3.2768389e-001
3.1996002e-001
4.0333167e-001
3.8262333e-001
3.6069624e-001
3.3841689e-001
3.1452603e-001
2.9213428e-001
2.7044529e-001
2.5080586e-001
2.3372840e-001
1.6172958e-001
0.0000000e+000
0.0000000e+000
0.0000000e+000
1.4438220e-001
1.8687379e-001
1.9173180e-001
1.9760389e-001
3.4420667e-001
3.2342969e-001
2.9269123e-001
2.4468712e-001
1.8204919e-001
1.0162882e-001
0.0000000e+000
0.0000000e+000
0.0000000e+000
0.0000000e+000
0.0000000e+000
1.2664385e-001
2.3459895e-001
3.2473355e-001
3.9050369e-001
4.4658727e-001
4.9492157e-001
5.3681382e-001
5.7403773e-001
6.0704165e-001
5.8198788e-001
5.4447265e-001
5.5366311e-001
5.6424270e-001
5.4909948e-001
5.1678543e-001
4.3912805e-001
3.3052308e-001
1.8519582e-001
1.8623421e-001
1.8768047e-001
1.8994243e-001
1.9424369e-001
3.1630276e-001
3.7466393e-001
3.5476578e-001
3.3141019e-001
2.9484599e-001
2.8737092e-001
2.6723979e-001
2.5071887e-001
2.3636839e-001
2.2238862e-001
1.6219048e-001
1.5798223e-001
1.5386027e-001
1.9115964e-001
1.9410570e-001
1.9810393e-001
1.9527329e-001
3.5320524e-001
3.3152241e-001
2.9846320e-001
2.4983380e-001
1.8641424e-001
1.0450699e-001
0.0000000e+000
0.0000000e+000
0.0000000e+000
0.0000000e+000
1.2288208e-001
2.2701205e-001
3.1573241e-001
3.4026281e-001
3.5203995e-001
4.1785536e-001
4.7397515e-001
5.2233843e-001
5.6449651e-001
5.7501119e-001
5.3838620e-001
4.8746115e-001
4.9552486e-001
5.0471835e-001
5.1632768e-001
4.3854801e-001
3.2869218e-001
1.8295706e-001
0.0000000e+000
0.0000000e+000
0.0000000e+000
0.0000000e+000
0.0000000e+000
1.9142916e-001
3.1079515e-001
3.3309550e-001
2.9508601e-001
1.7940102e-001
1.7593359e-001
1.7256877e-001
1.6922448e-001
2.3915619e-001
2.2959110e-001
2.2042190e-001
2.1116299e-001
2.0431690e-001
1.9913304e-001
2.0066478e-001
1.9460181e-001
1.8805373e-001
3.4047630e-001
3.2169898e-001
2.9351705e-001
2.9998590e-001
2.5441038e-001
1.9180654e-001
1.0949143e-001
1.1159771e-001
1.1533535e-001
1.2197533e-001
2.2415629e-001
3.1009389e-001
2.4254174e-001
2.5090454e-001
2.6130664e-001
3.5754650e-001
4.2752450e-001
4.8721700e-001
5.3819581e-001
5.3114746e-001
4.8103190e-001
4.1364792e-001
4.2030317e-001
4.2776404e-001
5.0925429e-001
4.4125218e-001
3.2718409e-001
1.8053312e-001
0.0000000e+000
0.0000000e+000
0.0000000e+000
0.0000000e+000
0.0000000e+000
1.9079700e-001
3.2134651e-001
3.0985743e-001
1.8356608e-001
0.0000000e+000
0.0000000e+000
0.0000000e+000
0.0000000e+000
1.6243328e-001
2.3503532e-001
2.2860260e-001
2.2130725e-001
2.1406832e-001
2.0581314e-001
1.9620049e-001
1.8755839e-001
1.8157589e-001
3.0871656e-001
2.7995285e-001
2.4158282e-001
2.4652627e-001
1.8965708e-001
1.9532445e-001
2.0159426e-001
2.0620120e-001
2.1292900e-001
2.2284167e-001
2.2754249e-001
2.3092944e-001
1.3498488e-001
1.3917771e-001
1.4540983e-001
2.6633839e-001
3.6645836e-001
4.4057223e-001
5.0291909e-001
4.7376894e-001
4.0709350e-001
3.0732607e-001
3.1136559e-001
3.1760755e-001
4.3205733e-001
4.4541554e-001
3.2959143e-001
1.8300346e-001
0.0000000e+000
0.0000000e+000
0.0000000e+000
0.0000000e+000
0.0000000e+000
1.9510129e-001
3.2258041e-001
1.9116961e-001
0.0000000e+000
0.0000000e+000
0.0000000e+000
0.0000000e+000
0.0000000e+000
0.0000000e+000
1.5635529e-001
2.2861551e-001
2.2181348e-001
2.1200001e-001
2.0076457e-001
1.9009400e-001
1.3578202e-001
1.3223341e-001
2.6479915e-001
2.2519208e-001
1.7408692e-001
1.7763343e-001
1.0340432e-001
1.0632628e-001
1.1087965e-001
2.0413677e-001
2.8166442e-001
2.1670223e-001
1.2362995e-001
1.2415209e-001
0.0000000e+000
0.0000000e+000
0.0000000e+000
1.4921801e-001
2.7278525e-001
3.7623974e-001
4.5539688e-001
3.9848771e-001
2.9926275e-001
1.7029642e-001
1.7163425e-001
1.7623493e-001
3.2060001e-001
4.3906133e-001
4.4810857e-001
3.3269231e-001
1.8488078e-001
0.0000000e+000
0.0000000e+000
0.0000000e+000
1.9719506e-001
3.3526936e-001
3.2917771e-001
1.9382842e-001
0.0000000e+000
0.0000000e+000
0.0000000e+000
0.0000000e+000
0.0000000e+000
0.0000000e+000
1.6015955e-001
2.3747978e-001
2.3146375e-001
2.2095572e-001
2.0768095e-001
1.4309383e-001
0.0000000e+000
0.0000000e+000
2.1431399e-001
1.6166254e-001
9.4638440e-002
9.5928990e-002
0.0000000e+000
0.0000000e+000
0.0000000e+000
1.1190375e-001
2.0516443e-001
1.1820281e-001
0.0000000e+000
0.0000000e+000
0.0000000e+000
0.0000000e+000
0.0000000e+000
1.4324158e-001
2.6406697e-001
3.6532797e-001
3.8994988e-001
2.9113278e-001
1.6339001e-001
0.0000000e+000
0.0000000e+000
0.0000000e+000
1.7845899e-001
3.2582688e-001
4.4679887e-001
4.4689431e-001
3.3815807e-001
1.9169969e-001
1.9233022e-001
1.9744719e-001
3.5033373e-001
3.9575355e-001
3.3309647e-001
1.9977825e-001
0.0000000e+000
0.0000000e+000
0.0000000e+000
0.0000000e+000
0.0000000e+000
0.0000000e+000
1.6412801e-001
2.4622311e-001
2.4223612e-001
2.3014289e-001
1.5044670e-001
0.0000000e+000
0.0000000e+000
0.0000000e+000
1.5561916e-001
8.7172020e-002
0.0000000e+000
0.0000000e+000
0.0000000e+000
0.0000000e+000
0.0000000e+000
1.0715087e-001
1.9742500e-001
1.1141065e-001
0.0000000e+000
0.0000000e+000
0.0000000e+000
0.0000000e+000
0.0000000e+000
1.3848872e-001
2.5673540e-001
3.5552557e-001
3.7708039e-001
2.7996735e-001
1.5537430e-001
0.0000000e+000
0.0000000e+000
0.0000000e+000
1.7526664e-001
3.2334351e-001
4.4529055e-001
4.4513200e-001
4.3808941e-001
3.4961639e-001
3.5360635e-001
3.5459406e-001
4.0134320e-001
3.8798912e-001
3.7174135e-001
3.2222615e-001
1.9462703e-001
1.9060432e-001
0.0000000e+000
0.0000000e+000
0.0000000e+000
1.7179904e-001
2.4672314e-001
2.5653726e-001
2.5504204e-001
1.5790219e-001
0.0000000e+000
0.0000000e+000
0.0000000e+000
0.0000000e+000
1.4910330e-001
8.2419200e-002
0.0000000e+000
0.0000000e+000
0.0000000e+000
0.0000000e+000
0.0000000e+000
1.0362159e-001
1.8984872e-001
1.0747356e-001
0.0000000e+000
0.0000000e+000
0.0000000e+000
0.0000000e+000
0.0000000e+000
1.3659087e-001
2.5127997e-001
3.4722409e-001
3.6483085e-001
2.7059650e-001
1.5062144e-001
0.0000000e+000
0.0000000e+000
0.0000000e+000
0.0000000e+000
1.8360855e-001
3.3479667e-001
4.3347393e-001
4.2876523e-001
4.2520064e-001
4.2083896e-001
4.1050221e-001
3.9919728e-001
3.8433978e-001
3.6855508e-001
3.5278254e-001
3.1576191e-001
3.0471613e-001
1.8529842e-001
1.8197465e-001
1.7871245e-001
2.7086110e-001
2.6118502e-001
2.6914810e-001
2.6112914e-001
1.6176802e-001
0.0000000e+000
0.0000000e+000
0.0000000e+000
0.0000000e+000
1.5107635e-001
8.4421650e-002
0.0000000e+000
0.0000000e+000
0.0000000e+000
0.0000000e+000
1.0066286e-001
1.8411511e-001
1.9229302e-001
1.0825246e-001
0.0000000e+000
0.0000000e+000
0.0000000e+000
0.0000000e+000
1.2764518e-001
2.3599345e-001
3.2686489e-001
3.4228131e-001
3.5556682e-001
2.6342806e-001
1.4709216e-001
0.0000000e+000
0.0000000e+000
0.0000000e+000
0.0000000e+000
1.8490264e-001
3.3834959e-001
4.2261908e-001
4.1717804e-001
3.5060633e-001
3.4332887e-001
3.3483971e-001
3.9989389e-001
3.8775711e-001
3.7420214e-001
3.6121677e-001
3.4660105e-001
3.3346091e-001
2.9633864e-001
2.8969895e-001
2.8261283e-001
2.8443560e-001
2.7352805e-001
2.8001034e-001
2.5434752e-001
1.5868798e-001
0.0000000e+000
0.0000000e+000
0.0000000e+000
0.0000000e+000
1.5282969e-001
1.5606079e-001
8.9813960e-002
9.2328050e-002
9.5657880e-002
1.0061912e-001
1.8444422e-001
2.5375511e-001
2.6281154e-001
1.9854834e-001
1.1450778e-001
1.1502987e-001
1.1799916e-001
1.2382341e-001
2.2789068e-001
3.1533734e-001
2.4320998e-001
2.5002294e-001
3.4358235e-001
2.6311712e-001
1.4623965e-001
0.0000000e+000
0.0000000e+000
0.0000000e+000
0.0000000e+000
1.8823601e-001
3.4353394e-001
4.1276825e-001
3.5244072e-001
2.0177030e-001
2.0056845e-001
2.0107081e-001
3.2260970e-001
3.9066130e-001
3.8037895e-001
3.6914201e-001
3.5788301e-001
3.4542525e-001
3.3264023e-001
3.2061730e-001
3.0837579e-001
2.9586108e-001
2.8417603e-001
2.7752029e-001
2.6623979e-001
2.4441052e-001
1.5210038e-001
1.4857230e-001
0.0000000e+000
0.0000000e+000
8.3525400e-002
8.7670960e-002
1.5991393e-001
1.6656158e-001
1.7337096e-001
1.8148547e-001
2.4910051e-001
3.0570664e-001
3.1918955e-001
2.7034040e-001
2.0607720e-001
2.0864844e-001
2.1440096e-001
2.1978792e-001
2.2456159e-001
2.2925368e-001
1.3351010e-001
1.3729507e-001
2.5173183e-001
2.6280616e-001
1.4742642e-001
0.0000000e+000
0.0000000e+000
0.0000000e+000
1.8328528e-001
3.3446689e-001
4.1359429e-001
3.4127974e-001
1.9276350e-001
0.0000000e+000
0.0000000e+000
0.0000000e+000
1.9601297e-001
3.0849104e-001
3.8948079e-001
3.7997964e-001
3.6849999e-001
3.5576643e-001
3.4263665e-001
3.2901159e-001
3.1593861e-001
3.0355572e-001
2.9203544e-001
2.8042226e-001
2.6810834e-001
2.5608971e-001
2.3832501e-001
2.3087522e-001
1.4230207e-001
1.3883556e-001
0.0000000e+000
0.0000000e+000
8.9740360e-002
1.6527035e-001
2.2943200e-001
2.4573391e-001
3.0046246e-001
3.4675940e-001
3.6425517e-001
3.2855296e-001
2.8092737e-001
2.8513791e-001
2.1596615e-001
1.2000161e-001
1.2174730e-001
1.2390085e-001
0.0000000e+000
0.0000000e+000
1.3905126e-001
2.5448512e-001
2.6068335e-001
1.4206783e-001
9.3672000e-003
1.8159740e-001
3.2734861e-001
4.1577605e-001
3.4129721e-001
1.8847275e-001
0.0000000e+000
0.0000000e+000
0.0000000e+000
0.0000000e+000
0.0000000e+000
1.9019077e-001
3.0128469e-001
3.8195557e-001
3.7409217e-001
3.6099776e-001
3.4741693e-001
3.3439922e-001
3.2208542e-001
3.0948034e-001
2.9651116e-001
2.8542919e-001
2.7377929e-001
2.6141948e-001
2.5051466e-001
2.3908615e-001
2.2542746e-001
2.2112414e-001
0.0000000e+000
0.0000000e+000
0.0000000e+000
9.3896410e-002
1.7275121e-001
2.3916486e-001
2.9521773e-001
3.4298198e-001
3.8370748e-001
3.4397246e-001
2.8909182e-001
2.1575980e-001
1.2038320e-001
0.0000000e+000
0.0000000e+000
0.0000000e+000
0.0000000e+000
0.0000000e+000
1.3824606e-001
2.5385146e-001
2.7517630e-001
1.6017089e-001
8.4145700e-003
1.8003864e-001
3.2004751e-001
3.4036485e-001
1.9012164e-001
0.0000000e+000
0.0000000e+000
0.0000000e+000
0.0000000e+000
0.0000000e+000
0.0000000e+000
1.8726390e-001
2.9648357e-001
3.7441990e-001
3.7913195e-001
3.6553860e-001
3.5250524e-001
3.3900073e-001
3.2490725e-001
3.1241990e-001
2.9959789e-001
2.8869988e-001
2.7727993e-001
2.6520758e-001
2.5349085e-001
2.4338988e-001
2.3413737e-001
2.2828781e-001
0.0000000e+000
0.0000000e+000
0.0000000e+000
9.3906910e-002
1.7277012e-001
2.3919050e-001
2.9524875e-001
3.4301731e-001
3.8374625e-001
3.4400349e-001
2.8911746e-001
2.1577871e-001
1.2039370e-001
0.0000000e+000
0.0000000e+000
0.0000000e+000
0.0000000e+000
0.0000000e+000
1.3825657e-001
2.5387038e-001
2.7519522e-001
1.6018140e-001
8.4145700e-003
1.7666274e-001
3.1397089e-001
3.4038377e-001
1.9013215e-001
0.0000000e+000
0.0000000e+000
0.0000000e+000
0.0000000e+000
0.0000000e+000
0.0000000e+000
1.8443965e-001
2.9040695e-001
3.6618271e-001
3.8144963e-001
3.6784798e-001
3.5480425e-001
3.4128676e-001
3.2717707e-001
3.1466946e-001
3.0182211e-001
2.9089243e-001
2.7943290e-001
2.6731107e-001
2.5553247e-001
2.4535418e-001
2.3600504e-001
2.3003469e-001
0.0000000e+000
0.0000000e+000
8.9771910e-002
1.6532710e-001
2.2950892e-001
2.4490780e-001
2.9983310e-001
3.4628744e-001
3.6247734e-001
3.2719812e-001
2.8010127e-001
2.8431181e-001
2.1567558e-001
1.1959902e-001
1.2134471e-001
1.2349826e-001
0.0000000e+000
0.0000000e+000
1.3908279e-001
2.5454187e-001
2.6074009e-001
1.4209936e-001
9.3672000e-003
1.7481745e-001
3.0911875e-001
4.1990715e-001
3.3927135e-001
1.8826605e-001
0.0000000e+000
0.0000000e+000
0.0000000e+000
0.0000000e+000
0.0000000e+000
1.8171802e-001
2.8305483e-001
3.5724398e-001
3.8104356e-001
3.6792384e-001
3.5431135e-001
3.4125408e-001
3.2889083e-001
3.1622393e-001
3.0317748e-001
2.9199892e-001
2.8022829e-001
2.6771756e-001
2.5662407e-001
2.4495980e-001
2.0751560e-001
2.0321228e-001
8.3122810e-002
8.7268320e-002
1.5918921e-001
1.6548955e-001
1.7229892e-001
1.8041344e-001
2.4784026e-001
3.0429582e-001
3.1692786e-001
2.6860745e-001
2.0500516e-001
2.0757640e-001
2.1332892e-001
2.1906320e-001
2.2383687e-001
2.2852896e-001
1.3310748e-001
1.3689245e-001
2.5100711e-001
2.6208144e-001
1.4702380e-001
0.0000000e+000
0.0000000e+000
0.0000000e+000
1.8288266e-001
3.3270694e-001
4.2991008e-001
3.3951074e-001
1.9212265e-001
0.0000000e+000
0.0000000e+000
0.0000000e+000
1.8954221e-001
2.9065867e-001
3.6516669e-001
4.0369579e-001
3.9269138e-001
3.7975570e-001
3.6637328e-001
3.5243242e-001
3.3896468e-001
3.2608834e-001
3.1395125e-001
3.0156706e-001
2.8828939e-001
2.7506604e-001
2.2112865e-001
2.1336085e-001
1.3512669e-001
1.3166019e-001
1.5167083e-001
1.5439788e-001
8.8977180e-002
9.1491320e-002
9.4821090e-002
9.9782330e-002
1.8281631e-001
2.5143128e-001
2.6048770e-001
1.9688542e-001
1.1367100e-001
1.1419314e-001
1.1716237e-001
1.2298662e-001
2.2638450e-001
3.1329562e-001
2.4205112e-001
2.4886407e-001
3.4181848e-001
2.6161093e-001
1.4540288e-001
0.0000000e+000
0.0000000e+000
0.0000000e+000
0.0000000e+000
1.8739924e-001
3.4202775e-001
4.3404462e-001
3.3564185e-001
2.0093353e-001
1.9972733e-001
1.9652670e-001
3.0559898e-001
3.7885361e-001
4.2208024e-001
4.1125475e-001
3.9978718e-001
3.8706872e-001
3.5243018e-001
3.4360685e-001
3.3442639e-001
3.3562557e-001
3.2314488e-001
3.1150236e-001
2.9139267e-001
2.2761164e-001
1.4622238e-001
1.4269430e-001
0.0000000e+000
0.0000000e+000
1.4921752e-001
8.3389000e-002
0.0000000e+000
0.0000000e+000
0.0000000e+000
0.0000000e+000
9.9630160e-002
1.8225628e-001
1.9043419e-001
1.0721976e-001
0.0000000e+000
0.0000000e+000
0.0000000e+000
0.0000000e+000
1.2928926e-001
2.3895280e-001
3.3087647e-001
3.4299831e-001
3.5957839e-001
2.6638742e-001
1.4873625e-001
0.0000000e+000
0.0000000e+000
0.0000000e+000
0.0000000e+000
1.8654672e-001
3.4130894e-001
4.5024852e-001
4.3772011e-001
3.3399043e-001
3.2671298e-001
3.1822381e-001
3.9809081e-001
4.4077704e-001
4.3010558e-001
4.1783563e-001
3.7959411e-001
3.6067176e-001
2.7997527e-001
2.7333557e-001
2.6624946e-001
3.3428147e-001
3.3370429e-001
3.0640763e-001
2.3787801e-001
1.5385156e-001
0.0000000e+000
0.0000000e+000
0.0000000e+000
0.0000000e+000
1.5171001e-001
8.3867350e-002
0.0000000e+000
0.0000000e+000
0.0000000e+000
0.0000000e+000
0.0000000e+000
1.0506979e-001
1.9245542e-001
1.0892171e-001
0.0000000e+000
0.0000000e+000
0.0000000e+000
0.0000000e+000
0.0000000e+000
1.3803904e-001
2.5388668e-001
3.5075762e-001
3.6836438e-001
2.7320320e-001
1.5206962e-001
0.0000000e+000
0.0000000e+000
0.0000000e+000
0.0000000e+000
1.8505673e-001
3.3740337e-001
4.6358194e-001
4.6561248e-001
4.3633726e-001
4.2668486e-001
4.1606308e-001
4.6088888e-001
4.5416952e-001
4.3909435e-001
3.8650989e-001
2.9963733e-001
2.8848542e-001
1.8116662e-001
1.7784285e-001
1.7458066e-001
2.6454524e-001
3.2688834e-001
3.1638482e-001
2.4489843e-001
1.5763623e-001
0.0000000e+000
0.0000000e+000
0.0000000e+000
0.0000000e+000
1.5787321e-001
8.8424300e-002
0.0000000e+000
0.0000000e+000
0.0000000e+000
0.0000000e+000
0.0000000e+000
1.0840315e-001
1.9967906e-001
1.1266293e-001
0.0000000e+000
0.0000000e+000
0.0000000e+000
0.0000000e+000
0.0000000e+000
1.3974098e-001
2.5898945e-001
3.5858107e-001
3.8013589e-001
2.8222141e-001
1.5662656e-001
0.0000000e+000
0.0000000e+000
0.0000000e+000
1.7651889e-001
3.2559757e-001
4.4834605e-001
4.8972182e-001
4.5808451e-001
3.5171371e-001
3.4662349e-001
3.3870829e-001
4.2904118e-001
4.6663005e-001
3.9870319e-001
3.0623424e-001
1.9159882e-001
1.8817243e-001
0.0000000e+000
0.0000000e+000
0.0000000e+000
1.6766724e-001
2.5384364e-001
3.0923659e-001
2.3905013e-001
1.5447502e-001
0.0000000e+000
0.0000000e+000
0.0000000e+000
0.0000000e+000
2.1717358e-001
1.6372068e-001
9.5498890e-002
9.6789430e-002
0.0000000e+000
0.0000000e+000
0.0000000e+000
1.1296011e-001
2.0706584e-001
1.1925917e-001
0.0000000e+000
0.0000000e+000
0.0000000e+000
0.0000000e+000
0.0000000e+000
1.4429791e-001
2.6596838e-001
3.6790544e-001
3.9252735e-001
2.9303419e-001
1.6444635e-001
0.0000000e+000
0.0000000e+000
0.0000000e+000
1.7951533e-001
3.2772829e-001
4.4937634e-001
4.5672314e-001
3.3990274e-001
1.9275602e-001
1.9338656e-001
1.9850353e-001
3.3458062e-001
4.1546289e-001
3.1734337e-001
1.9880988e-001
0.0000000e+000
0.0000000e+000
0.0000000e+000
0.0000000e+000
0.0000000e+000
0.0000000e+000
1.6140547e-001
2.4675120e-001
2.9531111e-001
2.3011024e-001
1.4772416e-001
0.0000000e+000
0.0000000e+000
0.0000000e+000
2.6794724e-001
2.2769901e-001
1.7563568e-001
1.7918219e-001
1.0426477e-001
1.0718667e-001
1.1174010e-001
2.0568553e-001
2.8376385e-001
2.1840772e-001
1.2429448e-001
1.2481657e-001
0.0000000e+000
0.0000000e+000
0.0000000e+000
1.5007843e-001
2.7433401e-001
3.7833917e-001
4.6573612e-001
4.0086926e-001
3.0096825e-001
1.7115684e-001
1.7249467e-001
1.7709536e-001
3.2214877e-001
4.4116076e-001
4.4992588e-001
3.3408434e-001
1.8574120e-001
0.0000000e+000
0.0000000e+000
0.0000000e+000
1.9825140e-001
3.1986120e-001
3.1366342e-001
1.9552553e-001
0.0000000e+000
0.0000000e+000
0.0000000e+000
0.0000000e+000
0.0000000e+000
0.0000000e+000
1.5814164e-001
2.4217839e-001
3.0217718e-001
2.8176828e-001
2.2085147e-001
1.4107592e-001
0.0000000e+000
0.0000000e+000
3.1189954e-001
2.8262291e-001
2.4348633e-001
2.4842978e-001
1.9100992e-001
1.9667729e-001
2.0263363e-001
2.0724057e-001
2.1396837e-001
2.2388104e-001
2.2873860e-001
2.3212555e-001
1.3564939e-001
1.3984222e-001
1.4607433e-001
2.6753450e-001
3.6807975e-001
4.5270878e-001
5.2419698e-001
4.8610248e-001
4.0955878e-001
3.0867892e-001
3.1271844e-001
3.1896039e-001
4.3501382e-001
4.4703694e-001
3.3078754e-001
1.8366797e-001
0.0000000e+000
0.0000000e+000
0.0000000e+000
0.0000000e+000
0.0000000e+000
1.9905291e-001
3.0730491e-001
1.9240537e-001
0.0000000e+000
0.0000000e+000
0.0000000e+000
0.0000000e+000
0.0000000e+000
0.0000000e+000
1.5504201e-001
2.3588366e-001
2.9403406e-001
3.1690962e-001
2.6826372e-001
2.1044475e-001
1.3446874e-001
1.3092013e-001
3.4521082e-001
3.2430362e-001
2.9550845e-001
3.0197731e-001
2.5527162e-001
1.9249327e-001
1.0996004e-001
1.1206627e-001
1.1580396e-001
1.2244389e-001
2.2499975e-001
3.1123725e-001
2.4354193e-001
2.5190474e-001
2.6230684e-001
3.5948567e-001
4.4060585e-001
5.0969482e-001
5.6834312e-001
5.5366207e-001
4.9580423e-001
4.1806960e-001
4.2427048e-001
4.3182544e-001
5.2508674e-001
4.4420197e-001
3.2802755e-001
1.8100171e-001
0.0000000e+000
0.0000000e+000
0.0000000e+000
0.0000000e+000
0.0000000e+000
1.9585066e-001
3.0630981e-001
2.9482073e-001
1.8579819e-001
0.0000000e+000
0.0000000e+000
0.0000000e+000
0.0000000e+000
1.6252925e-001
2.4295411e-001
3.0142338e-001
3.0641265e-001
3.0005630e-001
3.1856085e-001
2.6991495e-001
2.1209599e-001
2.0817532e-001
3.6245604e-001
3.3576924e-001
2.9926813e-001
2.5049912e-001
1.8690506e-001
1.0477968e-001
0.0000000e+000
0.0000000e+000
0.0000000e+000
0.0000000e+000
1.2315478e-001
2.2750285e-001
3.1639773e-001
3.4133564e-001
3.5425800e-001
4.3160391e-001
4.9726561e-001
5.5357994e-001
6.0241638e-001
6.0626706e-001
5.6376576e-001
5.0454731e-001
5.1206941e-001
5.2149050e-001
5.3459888e-001
4.4449934e-001
3.2918299e-001
1.8322973e-001
0.0000000e+000
0.0000000e+000
0.0000000e+000
0.0000000e+000
0.0000000e+000
1.9192340e-001
2.9599727e-001
3.6317747e-001
2.8028812e-001
1.7947151e-001
1.7602956e-001
1.7266475e-001
1.6932045e-001
2.5716610e-001
3.1415018e-001
2.5022512e-001
2.4630445e-001
2.4174603e-001
3.0157551e-001
3.2185194e-001
2.7256829e-001
2.6672215e-001
3.5465299e-001
3.2883844e-001
2.9291781e-001
2.4487441e-001
1.8218735e-001
1.0170555e-001
0.0000000e+000
0.0000000e+000
0.0000000e+000
0.0000000e+000
0.0000000e+000
1.2672063e-001
2.3473711e-001
3.2656670e-001
4.0422320e-001
4.7013337e-001
5.2664649e-001
5.7523410e-001
6.1829701e-001
6.4650050e-001
6.1628443e-001
5.7228679e-001
5.8086587e-001
5.9177986e-001
5.9234190e-001
5.2101608e-001
4.3621264e-001
3.3081798e-001
1.8527258e-001
1.8631097e-001
1.8775722e-001
1.9001919e-001
1.9432044e-001
3.0163754e-001
3.8170394e-001
4.3178195e-001
3.6298424e-001
2.8018076e-001
2.7660227e-001
2.7238603e-001
2.6727693e-001
3.3066005e-001
2.5691360e-001
1.6299108e-001
1.5944248e-001
1.5599650e-001
2.4078382e-001
2.9233817e-001
3.2498809e-001
3.1696382e-001
3.4813342e-001
3.2249234e-001
2.8729837e-001
2.4016329e-001
1.7861165e-001
9.9039280e-002
0.0000000e+000
0.0000000e+000
0.0000000e+000
0.0000000e+000
0.0000000e+000
1.2487009e-001
2.3222183e-001
3.2270393e-001
3.9969029e-001
4.6465650e-001
5.2041443e-001
5.6880576e-001
6.1089594e-001
6.4835305e-001
6.5644882e-001
6.2421997e-001
6.3405249e-001
6.4575294e-001
6.2830369e-001
5.7104826e-001
5.0383281e-001
4.2340577e-001
3.2686282e-001
3.2309300e-001
3.1843034e-001
3.1325747e-001
3.0553360e-001
3.8470715e-001
4.4556758e-001
4.7251067e-001
4.1897508e-001
3.5604646e-001
3.5062873e-001
3.4501967e-001
3.2478419e-001
2.5534532e-001
1.6323481e-001
0.0000000e+000
0.0000000e+000
0.0000000e+000
1.4904296e-001
2.2757169e-001
2.7969933e-001
3.1741633e-001
3.4274553e-001
3.1807067e-001
2.8357465e-001
2.3731201e-001
1.7634109e-001
9.8004480e-002
0.0000000e+000
0.0000000e+000
0.0000000e+000
0.0000000e+000
0.0000000e+000
1.2465097e-001
2.3101170e-001
3.2029313e-001
3.9550324e-001
4.5945631e-001
5.1440374e-001
5.6173880e-001
6.0339182e-001
6.4009135e-001
6.7323595e-001
6.6391596e-001
6.7434338e-001
6.8667299e-001
6.5358313e-001
6.0732892e-001
5.5386499e-001
4.9102594e-001
4.1646799e-001
4.1089719e-001
4.0429324e-001
3.9664338e-001
3.8663384e-001
4.4677999e-001
4.9195677e-001
5.0045571e-001
4.5938493e-001
4.1203730e-001
3.7894950e-001
3.2034602e-001
2.4988675e-001
1.6345894e-001
1.5986836e-001
0.0000000e+000
0.0000000e+000
0.0000000e+000
0.0000000e+000
1.4282317e-001
2.1984150e-001
2.7196914e-001
3.3848738e-001
3.1506117e-001
2.8161614e-001
2.3615741e-001
1.7619139e-001
9.8601040e-002
0.0000000e+000
0.0000000e+000
0.0000000e+000
0.0000000e+000
1.1947061e-001
2.1960046e-001
3.0471290e-001
3.7740354e-001
4.3974888e-001
4.9300227e-001
5.3898210e-001
5.7955093e-001
6.1538312e-001
6.4783384e-001
6.7676368e-001
6.9300649e-001
7.0431768e-001
7.0395675e-001
6.7022487e-001
6.3281245e-001
5.9040075e-001
5.4137700e-001
4.8408816e-001
4.7707659e-001
4.6860073e-001
4.5896928e-001
4.4713121e-001
4.9205544e-001
5.0699275e-001
4.6944250e-001
4.2649555e-001
3.7680274e-001
3.1788038e-001
2.4742111e-001
1.6174352e-001
0.0000000e+000
0.0000000e+000
0.0000000e+000
0.0000000e+000
0.0000000e+000
0.0000000e+000
1.3964144e-001
2.1265392e-001
2.6183624e-001
3.5578566e-001
3.3996664e-001
3.1613257e-001
2.8268754e-001
2.3763667e-001
1.7848636e-001
1.0216689e-001
1.0432044e-001
1.0851328e-001
1.1469812e-001
2.1060210e-001
2.9106298e-001
3.6003236e-001
4.1940070e-001
4.3731623e-001
4.4979900e-001
5.0216108e-001
5.4728631e-001
5.8690516e-001
6.2197735e-001
6.5341222e-001
6.6954946e-001
6.9735317e-001
7.0791732e-001
6.7985695e-001
6.4913531e-001
6.1588427e-001
5.7791275e-001
5.3443922e-001
5.2563727e-001
5.1566389e-001
5.0444716e-001
4.9146514e-001
5.2185014e-001
4.8950191e-001
4.5305749e-001
4.1149283e-001
3.6352787e-001
3.0676535e-001
2.3940446e-001
1.5799844e-001
0.0000000e+000
0.0000000e+000
0.0000000e+000
0.0000000e+000
0.0000000e+000
0.0000000e+000
1.3666495e-001
2.0259647e-001
2.4940744e-001
3.6736588e-001
3.5804048e-001
3.4189517e-001
3.1846896e-001
2.8535021e-001
2.4135977e-001
1.8368132e-001
1.8837342e-001
1.9592051e-001
2.0460603e-001
2.8027004e-001
3.4453892e-001
4.0014686e-001
3.6731764e-001
3.7718574e-001
3.8856780e-001
4.5021261e-001
5.0198415e-001
5.4758246e-001
5.8729407e-001
6.2259147e-001
6.3792751e-001
6.6897057e-001
6.8411709e-001
6.6900222e-001
6.5902248e-001
6.3252601e-001
6.0339628e-001
5.7097497e-001
5.5915545e-001
5.4579988e-001
5.3216342e-001
5.1708542e-001
5.0433415e-001
4.7228829e-001
4.3701900e-001
3.9692326e-001
3.5039587e-001
2.9582888e-001
2.3081383e-001
1.5234010e-001
0.0000000e+000
0.0000000e+000
0.0000000e+000
1.3701060e-001
1.3372788e-001
1.3042463e-001
1.9601528e-001
2.4342588e-001
2.7800702e-001
3.5757771e-001
3.7027877e-001
3.6065470e-001
3.4524353e-001
3.2207835e-001
2.9021580e-001
2.4785802e-001
2.5539667e-001
2.6440360e-001
2.7468183e-001
3.3407227e-001
3.7947995e-001
3.4625022e-001
2.9826137e-001
3.0586527e-001
3.1536164e-001
3.8819625e-001
4.4868928e-001
5.0146577e-001
5.4739371e-001
5.8759706e-001
6.0224272e-001
6.3682515e-001
6.5153690e-001
6.3984966e-001
6.3814871e-001
6.1855639e-001
5.9032762e-001
5.5892192e-001
5.2405426e-001
5.1135066e-001
4.9829595e-001
4.8423651e-001
4.8937564e-001
4.7669545e-001
4.4681071e-001
4.1344567e-001
3.7573022e-001
3.3217819e-001
2.8093181e-001
2.1966893e-001
1.4588541e-001
1.4508905e-001
1.4333608e-001
2.0774899e-001
2.0140105e-001
1.9514401e-001
2.4201227e-001
2.7615953e-001
3.0044884e-001
3.4586364e-001
3.5905697e-001
3.7253359e-001
3.6481265e-001
3.4961031e-001
3.2745009e-001
2.9734883e-001
3.0716472e-001
3.1733953e-001
3.2848406e-001
3.6252347e-001
3.2676934e-001
2.7999113e-001
2.1578367e-001
2.2055734e-001
2.2769657e-001
3.1451845e-001
3.8642316e-001
4.4817238e-001
5.0136091e-001
5.4765457e-001
5.6147938e-001
6.0048603e-001
6.1516415e-001
6.0809032e-001
6.1071655e-001
5.9021702e-001
5.5907556e-001
5.2413962e-001
4.8485913e-001
4.7297050e-001
4.6104156e-001
4.4785673e-001
4.5827150e-001
4.6022916e-001
4.5066389e-001
4.2294350e-001
3.9188528e-001
3.5705335e-001
3.1670714e-001
2.6946804e-001
2.1321424e-001
2.1050529e-001
2.0734993e-001
2.5648916e-001
2.4902045e-001
2.4082213e-001
2.7449080e-001
2.9839727e-001
3.0684365e-001
3.3404405e-001
3.4734290e-001
3.6131178e-001
3.7581669e-001
3.6978533e-001
3.5538696e-001
3.3509093e-001
3.4632076e-001
3.5783772e-001
3.4967131e-001
3.1306884e-001
2.6472372e-001
2.0151975e-001
1.1703903e-001
1.1878472e-001
1.2297756e-001
2.2677368e-001
3.1294299e-001
3.8590812e-001
4.4847538e-001
5.0130824e-001
5.1436786e-001
5.5890478e-001
5.7303103e-001
5.7227531e-001
5.8031053e-001
5.5928384e-001
5.2429326e-001
4.8494449e-001
4.4014798e-001
4.2967666e-001
4.1875635e-001
4.0626616e-001
4.2367409e-001
4.3051062e-001
4.3330094e-001
4.2729464e-001
4.0200556e-001
3.7398647e-001
3.4215628e-001
3.0556223e-001
2.6301334e-001
2.5845546e-001
2.5385930e-001
2.8899495e-001
2.8273314e-001
2.7330066e-001
2.9609080e-001
3.0196083e-001
2.8883440e-001
3.2158276e-001
3.3511545e-001
3.4927142e-001
3.6392600e-001
3.7897947e-001
3.7588591e-001
3.6343406e-001
3.6709466e-001
3.4108081e-001
3.0398890e-001
2.5458336e-001
1.9100936e-001
1.0829283e-001
0.0000000e+000
0.0000000e+000
0.0000000e+000
1.2246484e-001
2.2544525e-001
3.1243027e-001
3.8621112e-001
4.4772780e-001
4.5932112e-001
5.1077086e-001
5.2420728e-001
5.3139072e-001
5.4618716e-001
5.2573876e-001
4.8624608e-001
4.4087109e-001
3.8854181e-001
3.7944352e-001
3.6978400e-001
3.5856072e-001
3.8471009e-001
3.9764520e-001
4.0552256e-001
4.0995879e-001
4.0605312e-001
3.8332869e-001
3.5851542e-001
3.3069251e-001
2.9910754e-001
2.9307050e-001
2.8700285e-001
3.1112695e-001
3.0532045e-001
2.9490065e-001
2.9712911e-001
2.8402521e-001
2.7100418e-001
3.0882915e-001
3.2265416e-001
3.3745183e-001
3.5221193e-001
3.6734981e-001
3.7775110e-001
3.6105128e-001
3.3544529e-001
2.9921640e-001
2.5021872e-001
1.8582900e-001
1.0372870e-001
0.0000000e+000
0.0000000e+000
0.0000000e+000
0.0000000e+000
1.1735143e-001
2.1664897e-001
3.0150341e-001
3.7357979e-001
3.8510473e-001
3.9486515e-001
4.5495595e-001
4.6753007e-001
4.8104456e-001
5.0701852e-001
4.8801046e-001
4.4217269e-001
3.8926492e-001
3.2751967e-001
3.2013767e-001
3.1205413e-001
3.0241449e-001
3.3949066e-001
3.6044761e-001
3.7508236e-001
3.8421991e-001
3.8817399e-001
3.8169015e-001
3.6180808e-001
3.4673276e-001
3.2423781e-001
3.1669858e-001
3.0945372e-001
3.1567059e-001
3.0644185e-001
2.9368037e-001
2.7967850e-001
2.6628705e-001
2.5339776e-001
2.9571015e-001
3.0990056e-001
3.2458269e-001
3.3965820e-001
3.5504842e-001
3.6700841e-001
3.5095574e-001
3.2615870e-001
2.9094100e-001
2.4320729e-001
1.7988772e-001
9.8615280e-002
0.0000000e+000
0.0000000e+000
0.0000000e+000
0.0000000e+000
1.1264588e-001
2.1021826e-001
2.9328472e-001
3.0463489e-001
3.1117836e-001
3.1915750e-001
3.9004959e-001
4.0154586e-001
4.1370774e-001
4.6154330e-001
4.4491919e-001
3.9139559e-001
3.2888053e-001
2.5472757e-001
2.4949093e-001
2.4297878e-001
2.3531869e-001
2.8685055e-001
3.1783478e-001
3.4091627e-001
3.5632907e-001
3.6526254e-001
3.6075000e-001
3.3948969e-001
3.2735154e-001
3.1567107e-001
3.1128306e-001
3.0484247e-001
2.9776234e-001
2.8921484e-001
2.7685526e-001
2.6254660e-001
2.4919429e-001
2.3646969e-001
2.8213441e-001
2.9637370e-001
3.1109494e-001
3.2620174e-001
3.4202485e-001
3.5732343e-001
3.4167253e-001
3.1788751e-001
2.8393484e-001
2.3727261e-001
1.7631202e-001
9.7988290e-002
0.0000000e+000
0.0000000e+000
0.0000000e+000
0.0000000e+000
1.1201889e-001
2.0745827e-001
2.8800261e-001
2.2018457e-001
2.2414253e-001
2.2989505e-001
3.1377895e-001
3.2392788e-001
3.3490885e-001
4.0778626e-001
3.9361915e-001
3.3075610e-001
2.5576955e-001
1.5472366e-001
1.5657777e-001
1.5932298e-001
1.5453592e-001
2.2493457e-001
2.6885151e-001
3.0209283e-001
3.2574829e-001
3.4090599e-001
3.3925618e-001
3.1627306e-001
3.0429405e-001
2.9308048e-001
2.9098247e-001
2.8592013e-001
2.8005840e-001
2.7236243e-001
2.6050522e-001
2.4621167e-001
2.3250970e-001
2.1999095e-001
2.6849757e-001
2.8279796e-001
2.9756808e-001
3.1312185e-001
3.2889467e-001
3.4443487e-001
3.5604403e-001
3.4104030e-001
3.1620865e-001
2.8145752e-001
2.3487599e-001
1.7452611e-001
9.7475580e-002
9.6774120e-002
9.9743410e-002
1.0638339e-001
1.9690648e-001
2.7229422e-001
2.0791977e-001
1.1948398e-001
1.2122967e-001
1.2419890e-001
2.2432258e-001
2.3227753e-001
2.4178234e-001
3.3398595e-001
3.3318374e-001
2.5790022e-001
1.4734829e-001
0.0000000e+000
0.0000000e+000
0.0000000e+000
0.0000000e+000
1.5022799e-001
2.1110799e-001
2.5744769e-001
2.9100788e-001
3.1434447e-001
3.1635842e-001
2.9153504e-001
2.8015354e-001
2.6952358e-001
2.6988948e-001
2.6694858e-001
2.6260982e-001
2.5597827e-001
2.4474903e-001
2.3007577e-001
2.1633531e-001
2.0367530e-001
2.5478434e-001
2.6956897e-001
2.8472648e-001
3.0018230e-001
3.1546891e-001
3.3102801e-001
3.3918471e-001
3.4166485e-001
3.4020716e-001
3.1478850e-001
2.8038236e-001
2.3423208e-001
1.7442124e-001
1.7642148e-001
1.8176614e-001
1.9045524e-001
2.6149771e-001
2.0065282e-001
1.1221701e-001
0.0000000e+000
0.0000000e+000
0.0000000e+000
1.2042336e-001
1.2461619e-001
1.3125615e-001
2.4126962e-001
3.2916049e-001
2.5490282e-001
1.4060345e-001
0.0000000e+000
0.0000000e+000
0.0000000e+000
0.0000000e+000
0.0000000e+000
1.4161699e-001
2.0512685e-001
2.5146654e-001
2.8502674e-001
2.9225814e-001
2.6489526e-001
2.5426066e-001
2.4436022e-001
2.4820460e-001
2.4751689e-001
2.4508186e-001
2.4017943e-001
2.2933655e-001
2.1458725e-001
2.0079869e-001
1.8796208e-001
2.4046582e-001
2.5544789e-001
2.7076336e-001
2.8634553e-001
3.0214109e-001
3.1769948e-001
3.2144339e-001
3.2032218e-001
3.1510712e-001
3.0377779e-001
2.8598816e-001
2.5985113e-001
2.2368813e-001
2.2882857e-001
2.3615513e-001
2.5545433e-001
2.5734220e-001
1.9063297e-001
1.0506431e-001
0.0000000e+000
0.0000000e+000
0.0000000e+000
0.0000000e+000
0.0000000e+000
0.0000000e+000
1.3196700e-001
2.4102615e-001
2.4871683e-001
1.3875290e-001
0.0000000e+000
0.0000000e+000
0.0000000e+000
0.0000000e+000
0.0000000e+000
1.4106065e-001
2.0253107e-001
2.4723921e-001
2.7885640e-001
2.6529949e-001
2.3468252e-001
2.2538015e-001
2.1639160e-001
2.2498268e-001
2.2751004e-001
2.2745466e-001
2.2431505e-001
2.1435373e-001
1.9950936e-001
1.8566066e-001
1.7260333e-001
2.2590050e-001
2.4153723e-001
2.5696856e-001
2.7264343e-001
2.8851314e-001
3.0237894e-001
3.0259958e-001
2.9697667e-001
2.8674627e-001
2.6995181e-001
2.4457216e-001
2.0926807e-001
1.6137238e-001
1.6459619e-001
1.6953300e-001
2.3180438e-001
2.4830780e-001
1.8420227e-001
1.0239805e-001
0.0000000e+000
0.0000000e+000
0.0000000e+000
0.0000000e+000
0.0000000e+000
0.0000000e+000
1.2522218e-001
2.3174044e-001
3.1004884e-001
2.4074225e-001
1.3030968e-001
0.0000000e+000
0.0000000e+000
0.0000000e+000
0.0000000e+000
1.3890994e-001
1.9865979e-001
2.4135373e-001
2.6691995e-001
2.3540563e-001
2.0040218e-001
1.9276507e-001
1.8491640e-001
1.9983944e-001
2.0638565e-001
2.0930485e-001
2.0876734e-001
1.9959471e-001
1.8494476e-001
1.7102090e-001
1.5768764e-001
2.1102667e-001
2.2697190e-001
2.4255155e-001
2.5778171e-001
2.7271289e-001
2.8632323e-001
2.8237765e-001
2.7214725e-001
2.5564768e-001
2.3100217e-001
1.9664480e-001
1.4988189e-001
8.6810560e-002
8.8148380e-002
9.1117620e-002
1.6575510e-001
2.2794491e-001
2.3968143e-001
1.7558967e-001
9.3802680e-002
0.0000000e+000
0.0000000e+000
0.0000000e+000
0.0000000e+000
0.0000000e+000
1.2296378e-001
2.2645174e-001
3.1272766e-001
2.9609640e-001
2.3147210e-001
1.2949752e-001
0.0000000e+000
0.0000000e+000
0.0000000e+000
1.3484598e-001
1.9230129e-001
2.3347847e-001
2.3696232e-001
2.0144416e-001
1.6063872e-001
1.5508320e-001
1.4905795e-001
1.7189596e-001
1.8346573e-001
1.9050174e-001
1.9321685e-001
1.8503011e-001
1.7062318e-001
1.5660537e-001
1.4332580e-001
1.9576722e-001
2.1138770e-001
2.2633898e-001
2.4121442e-001
2.5622594e-001
2.6958644e-001
2.6094288e-001
2.4444331e-001
2.2061709e-001
1.8666758e-001
1.4108808e-001
8.0511450e-002
0.0000000e+000
0.0000000e+000
0.0000000e+000
8.8565620e-002
1.6361095e-001
2.2620862e-001
2.3761653e-001
1.7466909e-001
1.0178048e-001
1.0434190e-001
1.0690327e-001
1.0987256e-001
1.1488108e-001
2.1261023e-001
2.9427908e-001
3.6319229e-001
3.3180372e-001
2.7999043e-001
2.1881608e-001
1.3631643e-001
1.3776268e-001
1.3652572e-001
1.9334327e-001
2.3483933e-001
2.3936445e-001
2.0274575e-001
1.6136183e-001
1.1322419e-001
1.1066925e-001
1.0732189e-001
1.4005359e-001
1.5830142e-001
1.7048343e-001
1.7726433e-001
1.7121943e-001
1.5684539e-001
1.4286871e-001
1.2965626e-001
1.8002573e-001
1.9538907e-001
2.0991591e-001
2.2485777e-001
2.3945991e-001
2.5250809e-001
2.3799207e-001
2.1416586e-001
1.8067151e-001
1.3509201e-001
7.5994650e-002
0.0000000e+000
0.0000000e+000
0.0000000e+000
0.0000000e+000
8.1412920e-002
1.5277539e-001
2.1324248e-001
2.6458541e-001
2.3628810e-001
1.8053861e-001
1.8637271e-001
1.9139109e-001
1.9714361e-001
2.0534328e-001
2.8149800e-001
3.4631518e-001
3.3289751e-001
3.2289870e-001
3.1252491e-001
2.6788509e-001
2.1155942e-001
2.0530239e-001
1.9572904e-001
2.3703376e-001
2.4382302e-001
2.0621930e-001
1.6400269e-001
1.1522280e-001
0.0000000e+000
0.0000000e+000
0.0000000e+000
1.0254044e-001
1.2953441e-001
1.4854752e-001
1.6041067e-001
1.5732847e-001
1.4286871e-001
1.2918347e-001
1.1605491e-001
1.6419153e-001
1.7923344e-001
1.9373955e-001
2.0876443e-001
2.2285485e-001
2.3602245e-001
2.2555682e-001
2.0246445e-001
1.7039722e-001
1.2711145e-001
7.0881230e-002
0.0000000e+000
0.0000000e+000
0.0000000e+000
0.0000000e+000
7.8338790e-002
1.4601840e-001
2.0435491e-001
2.5399337e-001
2.2022508e-001
1.7041289e-001
1.7453398e-001
1.8199951e-001
2.5258678e-001
2.7504677e-001
3.3418667e-001
3.3315312e-001
2.8085237e-001
2.7274333e-001
2.6376695e-001
2.9473546e-001
2.6094731e-001
2.5179235e-001
2.3966548e-001
2.4577141e-001
2.0814949e-001
1.6511296e-001
1.1530816e-001
0.0000000e+000
0.0000000e+000
0.0000000e+000
0.0000000e+000
0.0000000e+000
9.5766860e-002
1.2371747e-001
1.4273058e-001
1.4378383e-001
1.2942349e-001
1.1586250e-001
1.0283882e-001
1.4875124e-001
1.6339137e-001
1.7787157e-001
1.9249041e-001
2.0645099e-001
2.1976788e-001
2.1359338e-001
1.9186262e-001
1.6098760e-001
1.1970187e-001
6.6991420e-002
0.0000000e+000
0.0000000e+000
0.0000000e+000
0.0000000e+000
7.5672520e-002
1.4040341e-001
1.9638094e-001
2.0462211e-001
1.5843296e-001
9.2966000e-002
9.3895950e-002
9.8496650e-002
1.8230250e-001
2.5313216e-001
3.1317301e-001
2.6939790e-001
2.0798459e-001
2.1279028e-001
2.0670365e-001
2.4900657e-001
2.3916285e-001
2.6259720e-001
2.7140324e-001
2.3888680e-001
2.0302931e-001
1.6219831e-001
1.1475182e-001
0.0000000e+000
0.0000000e+000
0.0000000e+000
0.0000000e+000
0.0000000e+000
9.5210530e-002
1.2112169e-001
1.3786551e-001
1.3033860e-001
1.1610252e-001
1.0269688e-001
8.9804280e-002
1.3380337e-001
1.4794126e-001
1.6187925e-001
1.7650035e-001
1.9029865e-001
2.0329231e-001
2.0273410e-001
1.8264099e-001
1.5381302e-001
1.1457632e-001
6.3917280e-002
0.0000000e+000
0.0000000e+000
0.0000000e+000
6.7229330e-002
1.2719760e-001
1.7936505e-001
1.9021182e-001
1.4648348e-001
8.5035470e-002
0.0000000e+000
0.0000000e+000
0.0000000e+000
9.9615360e-002
1.8350046e-001
2.5398567e-001
1.9405635e-001
1.1293281e-001
1.1560261e-001
1.1949602e-001
1.9612821e-001
1.8821301e-001
2.2269260e-001
2.4322022e-001
2.3049201e-001
1.9602139e-001
1.5692398e-001
1.1164449e-001
0.0000000e+000
0.0000000e+000
0.0000000e+000
0.0000000e+000
0.0000000e+000
9.2935860e-002
1.1693154e-001
1.3172492e-001
1.1701765e-001
1.0293690e-001
8.9725420e-002
7.6996680e-002
1.1896117e-001
1.3298109e-001
1.4624132e-001
1.6086526e-001
1.7446069e-001
1.8705033e-001
1.9265790e-001
1.7439821e-001
1.4786203e-001
1.1149004e-001
6.2882430e-002
0.0000000e+000
0.0000000e+000
0.0000000e+000
6.8233760e-002
1.2696632e-001
1.7651377e-001
1.3704449e-001
7.8992100e-002
0.0000000e+000
0.0000000e+000
0.0000000e+000
0.0000000e+000
9.3686210e-002
1.7405161e-001
1.8668097e-001
1.0474173e-001
0.0000000e+000
0.0000000e+000
0.0000000e+000
1.1761244e-001
1.2272944e-001
1.7669604e-001
2.0714361e-001
2.2438352e-001
2.1431321e-001
1.8357436e-001
1.4834446e-001
1.0651478e-001
0.0000000e+000
0.0000000e+000
0.0000000e+000
0.0000000e+000
8.8995870e-002
1.1057303e-001
1.1824530e-001
1.0356758e-001
9.0008490e-002
7.7050480e-002
6.4871350e-002
1.0476089e-001
1.1812352e-001
1.3104638e-001
1.4516405e-001
1.5850589e-001
1.7110032e-001
1.8587431e-001
1.8983573e-001
1.7151140e-001
1.4489441e-001
1.0848055e-001
6.0330430e-002
6.0444710e-002
6.5045410e-002
1.2045885e-001
1.6689582e-001
1.3222468e-001
7.4427970e-002
0.0000000e+000
0.0000000e+000
0.0000000e+000
0.0000000e+000
0.0000000e+000
9.0204260e-002
1.6615262e-001
1.7674270e-001
9.9220450e-002
0.0000000e+000
0.0000000e+000
0.0000000e+000
0.0000000e+000
0.0000000e+000
1.2218873e-001
1.6543484e-001
1.9177279e-001
2.1010839e-001
1.9733071e-001
1.6902548e-001
1.3723622e-001
9.9989690e-002
9.6461610e-002
9.3096800e-002
8.9875650e-002
1.1145081e-001
1.2054234e-001
1.0534167e-001
9.0923610e-002
7.7290510e-002
6.4638570e-002
5.3200260e-002
9.1363010e-002
1.0390407e-001
1.1640518e-001
1.2989000e-001
1.4291487e-001
1.5551529e-001
1.7027120e-001
1.8245711e-001
1.8841589e-001
1.7043623e-001
1.4425049e-001
1.0837570e-001
1.1021276e-001
1.1604690e-001
1.5940948e-001
1.6968862e-001
1.2677282e-001
7.0945970e-002
0.0000000e+000
0.0000000e+000
0.0000000e+000
0.0000000e+000
0.0000000e+000
8.6722260e-002
1.5947720e-001
1.7039356e-001
9.6146310e-002
0.0000000e+000
0.0000000e+000
0.0000000e+000
0.0000000e+000
0.0000000e+000
0.0000000e+000
1.1588870e-001
1.5369776e-001
1.8100671e-001
1.9934232e-001
1.7825253e-001
1.5239753e-001
1.3141928e-001
1.2724351e-001
1.2143289e-001
1.1319882e-001
1.1687555e-001
1.0722799e-001
9.2582900e-002
7.8460720e-002
6.5197470e-002
5.3007860e-002
4.2096970e-002
7.8968130e-002
9.0482180e-002
1.0245618e-001
1.1514993e-001
1.2777856e-001
1.3987664e-001
1.5460996e-001
1.6664060e-001
1.7037750e-001
1.7004562e-001
1.6618715e-001
1.4455349e-001
1.4108205e-001
1.4692401e-001
1.5317383e-001
1.5558856e-001
1.2229986e-001
6.8687570e-002
0.0000000e+000
0.0000000e+000
0.0000000e+000
0.0000000e+000
7.9502620e-002
1.4765811e-001
2.0515176e-001
2.2037019e-001
1.6347940e-001
8.8518810e-002
0.0000000e+000
0.0000000e+000
0.0000000e+000
0.0000000e+000
0.0000000e+000
0.0000000e+000
1.0919096e-001
1.4771661e-001
1.7502556e-001
1.5225560e-001
1.2332386e-001
1.1811566e-001
1.1193190e-001
1.0452007e-001
9.6723890e-002
1.0045815e-001
9.3691180e-002
7.9546040e-002
6.6048820e-002
5.3566760e-002
4.1955040e-002
3.1703440e-002
6.7827070e-002
7.8057340e-002
8.9372340e-002
1.0158713e-001
1.1321063e-001
1.2519063e-001
1.3938588e-001
1.5071261e-001
1.5167217e-001
1.4760487e-001
1.3912935e-001
1.2573208e-001
1.0083465e-001
1.0544519e-001
1.1005567e-001
1.1197079e-001
1.5118887e-001
1.1458451e-001
5.9684340e-002
0.0000000e+000
0.0000000e+000
0.0000000e+000
7.8467760e-002
1.4416397e-001
1.9969019e-001
2.4667255e-001
2.1167415e-001
1.5260490e-001
8.2930580e-002
7.8785070e-002
0.0000000e+000
0.0000000e+000
0.0000000e+000
0.0000000e+000
1.0720515e-001
1.4454685e-001
1.5265983e-001
1.2324500e-001
9.0865940e-002
8.7742710e-002
8.4197190e-002
7.9720460e-002
7.4763290e-002
8.3820570e-002
8.0746150e-002
6.7248930e-002
5.4163010e-002
4.2195060e-002
3.1624590e-002
2.2197100e-002
5.8253150e-002
6.6878730e-002
7.7370060e-002
8.8476240e-002
9.9353260e-002
1.1118559e-001
1.2470829e-001
1.3515510e-001
1.3213315e-001
1.2339659e-001
1.0914974e-001
8.8691570e-002
5.3858200e-002
5.6419620e-002
5.8981040e-002
6.0271530e-002
1.0762189e-001
1.4806119e-001
1.1284825e-001
6.6846460e-002
6.8592150e-002
7.3192800e-002
1.3512419e-001
1.8763855e-001
2.3221143e-001
2.7043115e-001
2.4829783e-001
2.0120751e-001
1.4701669e-001
8.2934160e-002
0.0000000e+000
0.0000000e+000
0.0000000e+000
0.0000000e+000
1.0398237e-001
1.4042048e-001
1.2556318e-001
9.2062580e-002
0.0000000e+000
0.0000000e+000
0.0000000e+000
0.0000000e+000
0.0000000e+000
6.6907750e-002
6.8761400e-002
5.5655000e-002
4.3456200e-002
3.2198570e-002
2.2515970e-002
1.4198350e-002
5.0128390e-002
5.7257990e-002
6.6209850e-002
7.6440160e-002
8.6893740e-002
9.8031780e-002
1.1071370e-001
1.2006067e-001
1.1206186e-001
9.7488740e-002
7.6537530e-002
4.6743450e-002
0.0000000e+000
0.0000000e+000
0.0000000e+000
0.0000000e+000
5.6495990e-002
1.0486302e-001
1.4538388e-001
1.1806518e-001
1.2283885e-001
1.3030438e-001
1.7896289e-001
2.2045111e-001
2.5620308e-001
2.8695819e-001
2.7883325e-001
2.4270961e-001
2.0161892e-001
1.5302273e-001
8.8937380e-002
0.0000000e+000
0.0000000e+000
0.0000000e+000
1.0075959e-001
1.3661298e-001
1.2219007e-001
9.0136000e-002
0.0000000e+000
0.0000000e+000
0.0000000e+000
0.0000000e+000
0.0000000e+000
0.0000000e+000
5.9639400e-002
4.6045130e-002
3.4033680e-002
2.3408830e-002
1.4517220e-002
7.5869000e-003
4.4134760e-002
4.9394250e-002
5.6931670e-002
6.5557300e-002
7.4971880e-002
8.5751790e-002
9.7382770e-002
1.0535494e-001
9.1644830e-002
7.0285800e-002
4.0444390e-002
0.0000000e+000
0.0000000e+000
0.0000000e+000
0.0000000e+000
0.0000000e+000
0.0000000e+000
5.5727580e-002
1.0368675e-001
1.4502334e-001
1.6413000e-001
1.7347954e-001
2.1098893e-001
2.4355784e-001
2.7176651e-001
2.9689485e-001
2.9569396e-001
2.6700543e-001
2.3513565e-001
1.9928928e-001
1.5847220e-001
9.5092710e-002
9.7354700e-002
1.0088110e-001
1.3701721e-001
1.4426119e-001
1.1682100e-001
8.6511640e-002
0.0000000e+000
0.0000000e+000
0.0000000e+000
0.0000000e+000
0.0000000e+000
0.0000000e+000
5.0734110e-002
3.7104750e-002
2.5448020e-002
1.5665170e-002
8.2246500e-003
2.7096100e-003
4.0804930e-002
4.3726890e-002
4.8986390e-002
5.6115980e-002
6.4741570e-002
7.4564020e-002
8.5391200e-002
9.3476260e-002
8.0958750e-002
6.1600280e-002
3.4259550e-002
0.0000000e+000
0.0000000e+000
0.0000000e+000
0.0000000e+000
0.0000000e+000
0.0000000e+000
5.1582020e-002
9.7040520e-002
1.3719226e-001
1.7269077e-001
2.0405884e-001
2.3253042e-001
2.5786908e-001
2.8070141e-001
3.0193653e-001
2.9706123e-001
2.7289873e-001
2.4668646e-001
2.1831059e-001
1.8643302e-001
1.5097552e-001
1.4516490e-001
1.3775991e-001
1.6013505e-001
1.3645807e-001
1.1085271e-001
8.2836860e-002
0.0000000e+000
0.0000000e+000
0.0000000e+000
0.0000000e+000
0.0000000e+000
0.0000000e+000
4.0837100e-002
2.8519080e-002
1.7704370e-002
9.3726000e-003
3.3473600e-003
0.0000000e+000