1.7088956e+001
1.6973409e+001
1.6765424e+001
1.6483490e+001
1.6758855e+001
1.7254065e+001
1.8017511e+001
1.8962460e+001
2.0134288e+001
2.1589713e+001
2.3515998e+001
2.5806271e+001
2.5806271e+001
2.5806271e+001
2.5806271e+001
2.5806271e+001
2.5806271e+001
2.3684931e+001
2.1905511e+001
2.0429573e+001
1.9226364e+001
1.8721651e+001
1.7845056e+001
1.7181211e+001
1.6950993e+001
1.7510493e+001
1.8200510e+001
1.8913646e+001
1.9693111e+001
2.0592920e+001
2.1568296e+001
2.2712992e+001
2.2868217e+001
2.2873718e+001
2.1875461e+001
2.2325101e+001
2.3323813e+001
2.4460249e+001
2.5806271e+001
2.5806271e+001
2.5806271e+001
2.5806271e+001
2.5806271e+001
2.5806271e+001
2.4992816e+001
2.4397709e+001
2.3921353e+001
2.3599886e+001
2.3428315e+001
2.3376661e+001
1.6943464e+001
1.6735480e+001
1.6423600e+001
1.6082506e+001
1.6217196e+001
1.6621022e+001
1.7408072e+001
1.8382526e+001
1.9591234e+001
2.1130192e+001
2.3160893e+001
2.5806271e+001
2.5806271e+001
2.5806271e+001
2.5806271e+001
2.5806271e+001
2.5806271e+001
2.3479550e+001
2.1595714e+001
2.0096133e+001
1.9925570e+001
1.9789323e+001
1.8583646e+001
1.7656537e+001
1.6982226e+001
1.7615142e+001
1.8400893e+001
1.9271127e+001
2.0246966e+001
2.1354810e+001
2.2627661e+001
2.4106770e+001
2.4226278e+001
2.4196062e+001
2.2847734e+001
2.2043166e+001
2.3115828e+001
2.4344702e+001
2.5806271e+001
2.5806271e+001
2.5806271e+001
2.5806271e+001
2.5806271e+001
2.5806271e+001
2.4877269e+001
2.4129835e+001
2.3561562e+001
2.3167277e+001
2.3145567e+001
2.3189845e+001
1.6681579e+001
1.6399644e+001
1.6034594e+001
1.5616226e+001
1.5608432e+001
1.5845890e+001
1.6453072e+001
1.7240122e+001
1.8214576e+001
1.9360140e+001
2.0869154e+001
2.3022888e+001
2.5806271e+001
2.5806271e+001
2.5806271e+001
2.5806271e+001
2.3296626e+001
2.1382846e+001
1.9943155e+001
2.1392615e+001
2.1448014e+001
2.1305777e+001
1.9734174e+001
1.8491357e+001
1.7534535e+001
1.7841158e+001
1.8790415e+001
1.9865033e+001
2.1063871e+001
2.2413034e+001
2.3987533e+001
2.5806271e+001
2.5806271e+001
2.5806271e+001
2.4093993e+001
2.2693955e+001
2.2818802e+001
2.4212959e+001
2.5806271e+001
2.5806271e+001
2.5806271e+001
2.5806271e+001
2.5806271e+001
2.5806271e+001
2.4641943e+001
2.3736193e+001
2.3071211e+001
2.2675697e+001
2.2743931e+001
2.2894901e+001
1.6326579e+001
1.5985484e+001
1.5547952e+001
1.5097711e+001
1.5005873e+001
1.5080293e+001
1.5543581e+001
1.6180708e+001
1.6937813e+001
1.7738717e+001
1.8860326e+001
2.0560855e+001
2.2824993e+001
2.2862425e+001
2.2899857e+001
2.2904089e+001
2.0963749e+001
1.9530047e+001
2.1299524e+001
2.3323319e+001
2.3420640e+001
2.3308348e+001
2.1334486e+001
1.9715949e+001
1.8458551e+001
1.8251500e+001
1.9410346e+001
2.0746949e+001
2.2198407e+001
2.3868295e+001
2.5806271e+001
2.5806271e+001
2.5806271e+001
2.5806271e+001
2.3902361e+001
2.2289127e+001
2.2342106e+001
2.3931493e+001
2.5806271e+001
2.5806271e+001
2.5806271e+001
2.5806271e+001
2.5806271e+001
2.4350959e+001
2.3445209e+001
2.2806211e+001
2.2363790e+001
2.2106997e+001
2.2277131e+001
2.2513454e+001
1.5910836e+001
1.5492469e+001
1.5026896e+001
1.4521211e+001
1.4332194e+001
1.4306128e+001
1.4654300e+001
1.5171489e+001
1.5754715e+001
1.6279891e+001
1.7061631e+001
1.8429542e+001
2.0248339e+001
2.0315716e+001
2.0383093e+001
2.0420656e+001
1.9057063e+001
2.1040516e+001
2.3398179e+001
2.5806271e+001
2.5806271e+001
2.5806271e+001
2.3367016e+001
2.1300064e+001
1.9653990e+001
1.8814020e+001
2.0203312e+001
2.1827973e+001
2.3676934e+001
2.3882315e+001
2.5806271e+001
2.5806271e+001
2.5806271e+001
2.5806271e+001
2.3710728e+001
2.1914244e+001
2.0849020e+001
2.2180148e+001
2.3795518e+001
2.3941009e+001
2.4056556e+001
2.4086230e+001
2.4085959e+001
2.2981328e+001
2.2342331e+001
2.1946679e+001
2.1652360e+001
2.1506545e+001
2.1758199e+001
2.2062804e+001
1.5416555e+001
1.4936369e+001
1.4448364e+001
1.3928269e+001
1.3631563e+001
1.3525108e+001
1.3781188e+001
1.4202426e+001
1.4676494e+001
1.4981088e+001
1.5978443e+001
1.7671019e+001
1.8085218e+001
1.8206496e+001
1.8297829e+001
1.8419821e+001
2.0492862e+001
2.2925080e+001
2.5806271e+001
2.5806271e+001
2.5806271e+001
2.5806271e+001
2.3384997e+001
2.1212651e+001
1.9482262e+001
1.9651062e+001
2.1376862e+001
2.3459589e+001
2.5806271e+001
2.5806271e+001
2.5806271e+001
2.5806271e+001
2.5806271e+001
2.5806271e+001
2.3369372e+001
2.1449527e+001
1.9973269e+001
2.0647329e+001
2.2055172e+001
2.2317057e+001
2.2495097e+001
2.2548510e+001
2.2577967e+001
2.1753881e+001
2.1328285e+001
2.1097366e+001
2.0921530e+001
2.0894440e+001
2.1181366e+001
2.1570542e+001
1.4859442e+001
1.4329801e+001
1.3823850e+001
1.3262283e+001
1.2909371e+001
1.2708660e+001
1.2921011e+001
1.3646160e+001
1.4640835e+001
1.5874820e+001
1.7561734e+001
1.9777381e+001
2.0048382e+001
2.0025925e+001
1.8051179e+001
1.8220543e+001
2.0333581e+001
2.2853227e+001
2.5806271e+001
2.5806271e+001
2.5806271e+001
2.5806271e+001
2.5806271e+001
2.3047873e+001
2.0818696e+001
2.0831956e+001
2.3092520e+001
2.5806271e+001
2.5806271e+001
2.5806271e+001
2.5806271e+001
2.5806271e+001
2.5806271e+001
2.3161815e+001
2.1198276e+001
1.9722018e+001
1.8600631e+001
1.9259387e+001
2.0531153e+001
2.1970944e+001
2.2298708e+001
2.2453933e+001
2.2381578e+001
2.1142338e+001
2.0385306e+001
2.0286173e+001
2.0205122e+001
2.0243069e+001
2.0558212e+001
2.1015045e+001
1.4252064e+001
1.3682860e+001
1.3162552e+001
1.2567806e+001
1.2169930e+001
1.2342002e+001
1.3231463e+001
1.4333932e+001
1.5702660e+001
1.7404210e+001
1.9638151e+001
2.2500149e+001
2.2717250e+001
2.2604957e+001
2.0089735e+001
1.7963772e+001
2.0102433e+001
2.2691540e+001
2.5806271e+001
2.5806271e+001
2.5806271e+001
2.5806271e+001
2.5806271e+001
2.2886185e+001
2.0497714e+001
2.0534930e+001
2.2960778e+001
2.5806271e+001
2.5806271e+001
2.5806271e+001
2.5806271e+001
2.5806271e+001
2.2956705e+001
2.0810924e+001
1.9269767e+001
1.8148379e+001
1.8408171e+001
1.9934804e+001
2.1693710e+001
2.3635616e+001
2.3900887e+001
2.4020395e+001
2.3930289e+001
2.2309454e+001
2.1038498e+001
2.0077391e+001
1.9470309e+001
1.9560285e+001
1.9898001e+001
2.0408959e+001
1.3604474e+001
1.3003619e+001
1.2471826e+001
1.1850537e+001
1.1808260e+001
1.2659393e+001
1.3830312e+001
1.5284602e+001
1.7093106e+001
1.9306947e+001
2.2181251e+001
2.5806271e+001
2.5806271e+001
2.5806271e+001
2.2690315e+001
1.9992169e+001
1.7959295e+001
2.0068012e+001
2.2670867e+001
2.5806271e+001
2.5806271e+001
2.5806271e+001
2.5806271e+001
2.2724498e+001
2.0086897e+001
1.9974389e+001
2.2649366e+001
2.5806271e+001
2.5806271e+001
2.5806271e+001
2.2841700e+001
2.2751594e+001
2.0441726e+001
1.8724830e+001
1.7521578e+001
1.7638839e+001
1.9341820e+001
2.1283730e+001
2.3524301e+001
2.5806271e+001
2.5806271e+001
2.5806271e+001
2.5806271e+001
2.3738386e+001
2.2049901e+001
2.0724826e+001
1.9694439e+001
1.8959693e+001
1.9238090e+001
1.9762403e+001
1.2924715e+001
1.2328484e+001
1.1757557e+001
1.1144979e+001
1.1275844e+001
1.2158552e+001
1.3406371e+001
1.4956785e+001
1.6885444e+001
1.9249479e+001
2.2199232e+001
2.5806271e+001
2.5806271e+001
2.5806271e+001
2.2858020e+001
2.0144314e+001
1.7891002e+001
1.7837447e+001
1.9940967e+001
2.2546612e+001
2.5806271e+001
2.5806271e+001
2.5806271e+001
2.2383141e+001
1.9562290e+001
1.7612830e+001
1.9812430e+001
2.2427518e+001
2.2517081e+001
2.2516810e+001
2.0144882e+001
2.0102472e+001
1.8254306e+001
1.6910463e+001
1.6822654e+001
1.8577976e+001
2.0660175e+001
2.3113538e+001
2.5806271e+001
2.5806271e+001
2.5806271e+001
2.5806271e+001
2.5806271e+001
2.3696478e+001
2.1884632e+001
2.0430923e+001
1.9327574e+001
1.8504514e+001
1.8548474e+001
1.9083471e+001
1.2249165e+001
1.1626688e+001
1.1024455e+001
1.0418846e+001
1.0676688e+001
1.1611716e+001
1.2924935e+001
1.4557100e+001
1.6587948e+001
1.9042287e+001
2.2067489e+001
2.5806271e+001
2.5806271e+001
2.5806271e+001
2.5806271e+001
2.2431062e+001
1.9648547e+001
1.7340187e+001
1.7551666e+001
1.9643668e+001
2.2288827e+001
2.2446038e+001
2.2333746e+001
1.9453005e+001
1.7143921e+001
1.5561896e+001
1.7351250e+001
1.9472993e+001
1.9634208e+001
1.9693609e+001
1.7825741e+001
1.7851431e+001
1.6372627e+001
1.5383728e+001
1.6360684e+001
1.8202623e+001
2.0393093e+001
2.2981795e+001
2.5806271e+001
2.5806271e+001
2.5806271e+001
2.5806271e+001
2.5806271e+001
2.3474901e+001
2.1515738e+001
1.9974120e+001
1.8800444e+001
1.7921122e+001
1.7835093e+001
1.8408583e+001
1.1547037e+001
1.0903564e+001
1.0306230e+001
9.6762512e+000
1.0049605e+001
1.1029972e+001
1.2362433e+001
1.4056082e+001
1.6126354e+001
1.8667404e+001
2.1875857e+001
2.5806271e+001
2.5806271e+001
2.5806271e+001
2.5806271e+001
2.2329264e+001
1.9405421e+001
1.6983999e+001
1.5508482e+001
1.7189571e+001
1.9343130e+001
1.9446441e+001
1.9304204e+001
1.6947209e+001
1.6309626e+001
1.4357645e+001
1.5220618e+001
1.6947686e+001
1.7136276e+001
1.7243416e+001
1.5868629e+001
1.7116864e+001
1.7207235e+001
1.7018521e+001
1.5756895e+001
1.7649997e+001
1.9904420e+001
2.2610494e+001
2.5806271e+001
2.5806271e+001
2.5806271e+001
2.5806271e+001
2.5806271e+001
2.3103599e+001
2.0997120e+001
1.9397538e+001
1.8177491e+001
1.7261072e+001
1.7102701e+001
1.7706984e+001
1.0823647e+001
1.0163377e+001
9.5699631e+000
8.9504328e+000
9.3763969e+000
1.0390571e+001
1.1765291e+001
1.3474333e+001
1.5601277e+001
1.8250598e+001
2.1594390e+001
2.5806271e+001
2.5806271e+001
2.5806271e+001
2.5806271e+001
2.2197521e+001
1.9078450e+001
1.6560735e+001
1.4554049e+001
1.6478222e+001
1.8919160e+001
1.8896703e+001
1.8934135e+001
1.8917667e+001
1.8721530e+001
1.6155425e+001
1.4102270e+001
1.4765753e+001
1.4976244e+001
1.5151519e+001
1.6955448e+001
1.9348942e+001
1.9462244e+001
1.9264121e+001
1.6916452e+001
1.5684771e+001
1.7517983e+001
1.9772406e+001
2.2568315e+001
2.5806271e+001
2.5806271e+001
2.5806271e+001
2.2932395e+001
2.0736081e+001
1.9136499e+001
1.7942436e+001
1.7055962e+001
1.6382445e+001
1.6371295e+001
1.7000214e+001
1.0113193e+001
9.4394846e+000
8.8192618e+000
8.2080906e+000
8.4033701e+000
9.0991624e+000
1.0206426e+001
1.1611091e+001
1.3320133e+001
1.5353987e+001
1.8003308e+001
2.1450684e+001
2.5806271e+001
2.5806271e+001
2.5806271e+001
2.1766330e+001
1.8452030e+001
1.5838022e+001
1.6200058e+001
1.8857786e+001
2.1923544e+001
2.1960976e+001
2.1998407e+001
2.2005894e+001
2.1863657e+001
1.8507440e+001
1.5852139e+001
1.3727628e+001
1.4438651e+001
1.6628964e+001
1.9217470e+001
2.2228856e+001
2.2408253e+001
2.2198369e+001
1.9132107e+001
1.6648882e+001
1.5387257e+001
1.7250414e+001
1.9606649e+001
2.2346467e+001
2.2495920e+001
2.2581522e+001
2.0278189e+001
1.8606740e+001
1.7442621e+001
1.6632863e+001
1.6013247e+001
1.5563997e+001
1.5670624e+001
1.6319250e+001
9.4430310e+000
8.7314652e+000
8.0869580e+000
7.4525293e+000
7.4932059e+000
7.9342927e+000
8.8275902e+000
9.9588093e+000
1.1363474e+001
1.2904956e+001
1.4968755e+001
1.7700943e+001
2.1312679e+001
2.1439945e+001
2.1447432e+001
1.8163077e+001
1.5579013e+001
1.5811699e+001
1.8658667e+001
2.2058294e+001
2.5806271e+001
2.5806271e+001
2.5806271e+001
2.5806271e+001
2.5806271e+001
2.1589677e+001
1.8126297e+001
1.5385267e+001
1.6173108e+001
1.8961713e+001
2.2153312e+001
2.5806271e+001
2.5806271e+001
2.5806271e+001
2.2006465e+001
1.8846571e+001
1.6258495e+001
1.5011243e+001
1.7015739e+001
1.9327101e+001
1.9506282e+001
1.9660366e+001
1.7903302e+001
1.6681690e+001
1.5895887e+001
1.5393572e+001
1.5017387e+001
1.4747551e+001
1.4948399e+001
1.5612792e+001
8.8051038e+000
8.1193254e+000
7.4551558e+000
6.7783283e+000
6.6632766e+000
6.9005990e+000
7.5927791e+000
8.5351861e+000
9.6664051e+000
1.0784043e+001
1.2379425e+001
1.4509518e+001
1.7436339e+001
1.7605528e+001
1.7648949e+001
1.5058897e+001
1.5061864e+001
1.8045135e+001
2.1615140e+001
2.5806271e+001
2.5806271e+001
2.5806271e+001
2.5806271e+001
2.5806271e+001
2.5806271e+001
2.1517824e+001
1.7907127e+001
1.5491357e+001
1.8423588e+001
2.1902061e+001
2.5806271e+001
2.5806271e+001
2.5806271e+001
2.5806271e+001
2.1964557e+001
1.8681301e+001
1.5964591e+001
1.3820897e+001
1.4721434e+001
1.6660087e+001
1.6892995e+001
1.7131809e+001
1.5811760e+001
1.4979962e+001
1.4496812e+001
1.4240451e+001
1.4088957e+001
1.3962651e+001
1.4268821e+001
1.4945828e+001
8.1929641e+000
7.5577605e+000
6.9041059e+000
6.2356904e+000
5.8975352e+000
5.9718462e+000
6.5031323e+000
7.2346000e+000
8.1470621e+000
8.9855153e+000
1.0176219e+001
1.1824636e+001
1.4233468e+001
1.4406252e+001
1.4418531e+001
1.3942650e+001
1.4627820e+001
1.7742119e+001
2.1513342e+001
2.5806271e+001
2.5806271e+001
2.5806271e+001
2.5806271e+001
2.5806271e+001
2.5806271e+001
2.1116578e+001
1.7394498e+001
1.7800826e+001
2.1475103e+001
2.5806271e+001
2.5806271e+001
2.5806271e+001
2.5806271e+001
2.5806271e+001
2.1742980e+001
1.8282463e+001
1.5483833e+001
1.3244658e+001
1.2694357e+001
1.4334843e+001
1.4610733e+001
1.4947276e+001
1.3976839e+001
1.3456893e+001
1.3245809e+001
1.3186212e+001
1.3214470e+001
1.3202988e+001
1.3626726e+001
1.4310458e+001
7.6014544e+000
6.9827548e+000
6.3423034e+000
5.6844505e+000
5.2130889e+000
5.1270459e+000
5.5296169e+000
6.4251726e+000
7.6506493e+000
9.1731365e+000
1.1145817e+001
1.3718671e+001
1.6966879e+001
1.7225903e+001
1.7239379e+001
1.7007308e+001
1.3953019e+001
1.7175589e+001
2.1082151e+001
2.5806271e+001
2.5806271e+001
2.5806271e+001
2.1381602e+001
2.1299255e+001
2.1037238e+001
1.7143247e+001
1.4262335e+001
1.7515777e+001
2.1433195e+001
2.5806271e+001
2.5806271e+001
2.5806271e+001
2.5806271e+001
2.5806271e+001
2.1371679e+001
1.7763845e+001
1.4847361e+001
1.2573793e+001
1.0911009e+001
1.2312961e+001
1.2623236e+001
1.3037963e+001
1.2377160e+001
1.2106694e+001
1.2113264e+001
1.2241023e+001
1.2383137e+001
1.2493460e+001
1.3036853e+001
1.3700364e+001
7.0563935e+000
6.4748529e+000
5.8641287e+000
5.2001128e+000
4.5337891e+000
5.1603541e+000
6.1407288e+000
7.3942696e+000
8.9892680e+000
1.0973657e+001
1.3561147e+001
1.6827649e+001
2.0905487e+001
2.1182477e+001
2.1189964e+001
2.0927948e+001
1.6853108e+001
1.3858708e+001
1.6961499e+001
2.0868061e+001
2.0965382e+001
2.0972869e+001
1.7380731e+001
1.7202561e+001
1.6910601e+001
1.3713060e+001
1.3606699e+001
1.6973203e+001
2.1031949e+001
2.5806271e+001
2.5806271e+001
2.5806271e+001
2.5806271e+001
2.1343791e+001
1.7512594e+001
1.4596110e+001
1.2322542e+001
1.0563307e+001
9.3226423e+000
1.0503823e+001
1.0871551e+001
1.1348824e+001
1.0965674e+001
1.0924738e+001
1.1105430e+001
1.1353129e+001
1.1616273e+001
1.1824040e+001
1.2463157e+001
1.3110492e+001
6.5185468e+000
5.9427776e+000
5.3366706e+000
4.7062931e+000
4.8967952e+000
5.7940939e+000
7.0601510e+000
8.6707948e+000
1.0712172e+001
1.3291966e+001
1.6586280e+001
2.0736313e+001
2.5806271e+001
2.5806271e+001
2.5806271e+001
2.5806271e+001
2.0833637e+001
1.6653403e+001
1.3473345e+001
1.6636026e+001
1.6751315e+001
1.6734847e+001
1.3808734e+001
1.3613795e+001
1.3357769e+001
1.0747334e+001
1.0691918e+001
1.3504630e+001
1.6841190e+001
2.0869990e+001
2.1019443e+001
2.1019172e+001
2.0959011e+001
1.7328867e+001
1.4203748e+001
1.1900236e+001
1.0170945e+001
8.8231745e+000
7.9202064e+000
8.9547141e+000
9.3684050e+000
9.8957150e+000
9.7646313e+000
9.8773744e+000
1.0197365e+001
1.0570961e+001
1.0900984e+001
1.1322461e+001
1.1956303e+001
1.2566740e+001
5.9864715e+000
5.4153195e+000
4.8129061e+000
4.1854836e+000
4.5531030e+000
5.4542951e+000
6.7252190e+000
8.3793772e+000
1.0475147e+001
1.3085501e+001
1.6492878e+001
2.0784239e+001
2.5806271e+001
2.5806271e+001
2.5806271e+001
2.5806271e+001
2.0881563e+001
1.6619890e+001
1.3068316e+001
1.3058766e+001
1.3128539e+001
1.3092907e+001
1.0699614e+001
1.0521205e+001
1.0293926e+001
8.1831200e+000
8.1984064e+000
1.0508194e+001
1.3267005e+001
1.6579609e+001
1.6788735e+001
1.6878081e+001
1.6859627e+001
1.3895350e+001
1.1394985e+001
9.6117930e+000
8.2879787e+000
7.2993261e+000
6.6665150e+000
7.6136293e+000
8.0940349e+000
9.0591779e+000
9.7138388e+000
1.0420561e+001
1.0135361e+001
1.0750634e+001
1.1177235e+001
1.0819629e+001
1.1455010e+001
1.2029941e+001
5.4889581e+000
4.9454556e+000
4.3352170e+000
3.7314792e+000
4.1472851e+000
5.0368392e+000
6.3306465e+000
8.0134091e+000
1.0144935e+001
1.2799983e+001
1.6225796e+001
2.0502772e+001
2.5806271e+001
2.5806271e+001
2.5806271e+001
2.5806271e+001
2.0630041e+001
1.6316875e+001
1.2694160e+001
1.0005326e+001
1.0008742e+001
9.9577779e+000
8.0206855e+000
7.8555004e+000
7.6212746e+000
5.9401167e+000
6.0119645e+000
7.9194134e+000
1.0186081e+001
1.2895782e+001
1.3152646e+001
1.3343632e+001
1.3388487e+001
1.1016794e+001
9.0461757e+000
7.6492962e+000
6.6798081e+000
5.9784494e+000
6.2005090e+000
7.4275154e+000
8.8118881e+000
1.0392969e+001
1.1029430e+001
1.1693537e+001
1.1117741e+001
1.1667538e+001
1.2051403e+001
1.1453710e+001
1.1156581e+001
1.1528649e+001
5.0190942e+000
4.4977114e+000
3.9351133e+000
3.7708742e+000
4.1220738e+000
4.6657715e+000
5.8884965e+000
6.2063907e+000
7.9190980e+000
9.9874792e+000
1.2672472e+001
1.6038396e+001
2.0482100e+001
2.5806271e+001
2.5806271e+001
2.5806271e+001
2.0348574e+001
1.5840180e+001
1.2121172e+001
9.0636181e+000
7.3512162e+000
7.2580423e+000
5.6859105e+000
5.5313045e+000
5.3214660e+000
3.9840266e+000
4.0711786e+000
5.6867011e+000
7.5596536e+000
9.7870334e+000
1.0082088e+001
1.0324440e+001
1.0419942e+001
8.5822069e+000
7.0353858e+000
5.9475560e+000
5.2914737e+000
5.5684061e+000
6.9140194e+000
8.4466509e+000
1.0175624e+001
1.2150024e+001
1.2763736e+001
1.3374574e+001
1.2435534e+001
1.2903483e+001
1.3233929e+001
1.2299997e+001
1.1746722e+001
1.1406473e+001
4.5713500e+000
4.0676628e+000
4.1132654e+000
4.4742773e+000
5.0951415e+000
5.9940594e+000
7.5879690e+000
7.5214819e+000
7.4339137e+000
7.6356784e+000
9.6681258e+000
1.2275262e+001
1.5837712e+001
2.0164426e+001
2.0261747e+001
2.0179400e+001
1.5611116e+001
1.1951997e+001
8.9543332e+000
6.4558875e+000
5.0635081e+000
4.9365663e+000
3.6564030e+000
3.5102603e+000
3.3199316e+000
2.2574670e+000
2.3868071e+000
3.7388437e+000
5.2968243e+000
7.1383467e+000
7.4639538e+000
7.7473985e+000
7.8834190e+000
6.4728494e+000
5.2950111e+000
4.4843658e+000
4.8260860e+000
6.2627519e+000
7.9091991e+000
9.7804419e+000
1.1932679e+001
1.4436160e+001
1.4984004e+001
1.5528255e+001
1.4135159e+001
1.4500801e+001
1.4764473e+001
1.3447672e+001
1.2536782e+001
1.1929606e+001
4.2321044e+000
4.3608090e+000
4.8102180e+000
5.4433476e+000
6.4012926e+000
7.7068046e+000
9.7646950e+000
9.7096585e+000
9.6282706e+000
9.1022369e+000
7.1628507e+000
9.1330130e+000
1.1930570e+001
1.5369483e+001
1.5424882e+001
1.5306602e+001
1.1599572e+001
8.6797641e+000
6.2591748e+000
4.2379603e+000
3.0716541e+000
2.9476428e+000
1.9010542e+000
1.7616822e+000
1.5869613e+000
7.4447655e-001
9.0756725e-001
2.0787599e+000
3.3847629e+000
4.9175995e+000
5.2377036e+000
5.5540228e+000
5.7524026e+000
4.6835655e+000
3.8009135e+000
4.0180626e+000
5.4919243e+000
7.1848663e+000
9.1890895e+000
1.1507552e+001
1.4218815e+001
1.7383645e+001
1.7849155e+001
1.8272742e+001
1.6274646e+001
1.6512402e+001
1.6692607e+001
1.4934652e+001
1.3614175e+001
1.2673340e+001
4.6474226e+000
5.0275992e+000
5.7337941e+000
6.7070709e+000
8.0863669e+000
9.9001217e+000
1.2537988e+001
1.2534696e+001
1.2423602e+001
1.1910494e+001
8.8848919e+000
6.4874707e+000
8.6431691e+000
1.1371842e+001
1.1363758e+001
1.1216731e+001
8.2286491e+000
5.9002898e+000
3.9413605e+000
2.3019311e+000
1.3464282e+000
1.2247612e+000
3.6503250e-001
2.6102177e-001
6.8842372e-002
-5.9765855e-001
-3.7762262e-001
6.4889486e-001
1.7533159e+000
3.0392037e+000
3.3848504e+000
3.6975243e+000
3.9158467e+000
3.1503404e+000
3.2476368e+000
4.7306627e+000
6.4724909e+000
8.5378220e+000
1.0970101e+001
1.3823633e+001
1.7166301e+001
2.1120388e+001
2.1445549e+001
2.1680875e+001
1.8926527e+001
1.9041858e+001
1.9155160e+001
1.6808331e+001
1.5013301e+001
1.3692824e+001
5.2563869e+000
5.9134724e+000
6.9406498e+000
8.3391104e+000
1.0245095e+001
1.2694153e+001
1.6056990e+001
1.6118378e+001
1.5970152e+001
1.5510631e+001
1.1693149e+001
8.4637262e+000
5.9413950e+000
8.0419855e+000
7.9831161e+000
7.8130916e+000
5.4001682e+000
3.5150229e+000
1.9254216e+000
6.2136489e-001
-1.6549531e-001
-2.8528676e-001
-9.9552764e-001
-1.1011941e+000
-1.2175059e+000
-1.6403420e+000
-4.3163034e-001
9.6730503e-001
2.6040200e+000
3.0495378e+000
3.4369962e+000
3.7310460e+000
3.8325868e+000
2.5742483e+000
3.9082144e+000
5.6836322e+000
7.7909502e+000
1.0275713e+001
1.3232280e+001
1.6741174e+001
2.0903043e+001
2.5806271e+001
2.5806271e+001
2.5806271e+001
2.2181472e+001
2.2181201e+001
2.2210875e+001
1.9202815e+001
1.6852025e+001
1.5056995e+001
6.0699778e+000
7.0731993e+000
8.5016048e+000
1.0431545e+001
1.2958460e+001
1.6201648e+001
2.0433265e+001
2.0500642e+001
2.0418294e+001
2.0063189e+001
1.5263342e+001
1.1248027e+001
7.9234836e+000
5.2763026e+000
5.1468596e+000
4.9883822e+000
3.0355856e+000
1.5050114e+000
2.1087245e-001
-8.5483078e-001
-1.5067768e+000
-1.6250679e+000
-2.1857737e+000
-2.2927648e+000
-2.0587230e+000
-8.5543146e-001
6.7675528e-001
2.4426035e+000
4.5379596e+000
5.0203335e+000
5.3927023e+000
5.6483104e+000
5.7381441e+000
4.0532668e+000
3.8510983e+000
5.6271916e+000
7.7353539e+000
1.0258603e+001
1.3225847e+001
1.6785518e+001
2.1010859e+001
2.5806271e+001
2.5806271e+001
2.5806271e+001
2.5806271e+001
2.5806271e+001
2.5806271e+001
2.2127058e+001
1.9119566e+001
1.6829119e+001
7.1767827e+000
8.5752434e+000
1.0505184e+001
1.3062043e+001
1.6365121e+001
2.0563539e+001
2.5806271e+001
2.5806271e+001
2.5806271e+001
2.5806271e+001
1.9905733e+001
1.4949977e+001
1.0843135e+001
7.4453692e+000
4.6448090e+000
2.6567615e+000
1.0720663e+000
-2.0479572e-001
-1.2625648e+000
-2.1675301e+000
-2.6816000e+000
-2.3994633e+000
-2.2916368e+000
-2.2955373e+000
-1.2498566e+000
2.8289896e-001
2.1520538e+000
4.3765430e+000
7.0452004e+000
7.5362137e+000
7.8897205e+000
8.1347073e+000
8.1724762e+000
5.9918564e+000
4.3558969e+000
5.6032925e+000
7.7204345e+000
1.0254908e+001
1.3236183e+001
1.6775961e+001
2.0939006e+001
2.5806271e+001
2.5806271e+001
2.5806271e+001
2.5806271e+001
2.5806271e+001
2.5806271e+001
2.2294763e+001
1.9301656e+001
1.6962828e+001
7.2107897e+000
8.6701376e+000
1.0638756e+001
1.3206532e+001
1.6523255e+001
2.0701299e+001
2.5806271e+001
2.5806271e+001
2.5806271e+001
2.5806271e+001
2.5806271e+001
1.9718333e+001
1.4585967e+001
1.0397726e+001
6.9947310e+000
4.2199322e+000
1.9476904e+000
1.0743914e-001
-1.4171646e+000
-2.6593055e+000
-2.4788034e+000
-1.1260336e+000
-1.0006091e+000
-1.0148433e+000
-1.4147095e-001
1.7581974e+000
4.0859933e+000
6.8837839e+000
1.0269068e+001
1.0696018e+001
1.1025948e+001
1.1257658e+001
1.1267777e+001
8.4300478e+000
6.2731442e+000
5.3222842e+000
7.3466977e+000
9.7652602e+000
1.0868953e+001
1.3794447e+001
1.7227067e+001
2.1256164e+001
2.1705065e+001
2.5806271e+001
2.5806271e+001
2.5806271e+001
2.5806271e+001
2.2163021e+001
1.9214243e+001
1.6880934e+001
7.1618520e+000
8.6613509e+000
1.0642727e+001
1.3226451e+001
1.6525676e+001
2.0719280e+001
2.5806271e+001
2.5806271e+001
2.5806271e+001
2.5806271e+001
2.5806271e+001
1.9796204e+001
1.4666245e+001
1.0449985e+001
6.9646849e+000
4.1539869e+000
1.8530259e+000
-4.0145686e-002
-1.5771408e+000
-2.4607917e+000
-1.1754289e+000
5.9300093e-001
7.0299194e-001
6.7584058e-001
1.3529922e+000
3.7160928e+000
6.6231789e+000
1.0107651e+001
1.4351288e+001
1.4698160e+001
1.4961186e+001
1.5176301e+001
1.5151857e+001
1.1492741e+001
8.7220888e+000
7.1160375e+000
9.6038437e+000
1.2601647e+001
1.3042971e+001
1.3466328e+001
1.4180228e+001
1.7462570e+001
2.1303819e+001
2.5806271e+001
2.5806271e+001
2.5806271e+001
2.2109149e+001
1.9116677e+001
1.6783368e+001
1.4942433e+001
7.0298259e+000
8.5112727e+000
1.0507515e+001
1.3109821e+001
1.6432274e+001
2.0617482e+001
2.5806271e+001
2.5806271e+001
2.5806271e+001
2.5806271e+001
2.5806271e+001
1.9754296e+001
1.4650699e+001
1.0395640e+001
6.9092456e+000
4.0677271e+000
1.7421096e+000
-1.4084222e-001
-1.7295512e+000
-1.0792059e+000
5.7203036e-001
2.7941796e+000
2.9223097e+000
2.8790119e+000
3.3408323e+000
6.2532784e+000
9.8470464e+000
1.4189871e+001
1.9469017e+001
1.9678360e+001
1.9857757e+001
1.9977265e+001
1.9947050e+001
1.5336063e+001
1.1760793e+001
9.3432387e+000
1.2440231e+001
1.6124654e+001
1.6489493e+001
1.6794442e+001
1.7015546e+001
1.4325897e+001
1.7510225e+001
2.1287623e+001
2.1582839e+001
2.1728331e+001
1.8856235e+001
1.6487971e+001
1.4706925e+001
1.4721139e+001
6.8035671e+000
8.3182657e+000
1.0318642e+001
1.2926114e+001
1.6255027e+001
2.0485740e+001
2.5806271e+001
2.5806271e+001
2.5806271e+001
2.5806271e+001
1.9884569e+001
1.4945081e+001
1.0821309e+001
1.0205018e+001
9.8064546e+000
6.3735308e+000
3.5747890e+000
1.2833929e+000
-6.0212664e-001
7.0016175e-001
2.8297104e+000
5.6354693e+000
5.7488424e+000
5.7227925e+000
6.0016301e+000
9.6316611e+000
1.4084979e+001
1.9427380e+001
2.5806271e+001
2.5806271e+001
2.5806271e+001
2.5806271e+001
2.5806271e+001
2.0117739e+001
1.5536697e+001
1.2380288e+001
1.6097705e+001
2.0505937e+001
2.0775169e+001
2.0894677e+001
2.0984241e+001
1.7419370e+001
1.4511801e+001
1.7604106e+001
1.7955826e+001
1.8247656e+001
1.6095471e+001
1.4316407e+001
1.6267265e+001
1.6694133e+001
6.8968350e+000
8.3623713e+000
1.0312074e+001
1.0191131e+001
1.2768659e+001
1.6037682e+001
2.0298339e+001
2.0242682e+001
2.0067246e+001
1.9805229e+001
1.4955576e+001
1.0930033e+001
1.4598060e+001
1.4389945e+001
1.4032106e+001
9.7420884e+000
6.2913445e+000
3.4446738e+000
1.1448793e+000
2.9767568e+000
5.7041960e+000
9.2020360e+000
9.2969627e+000
9.2924727e+000
6.2504298e+000
9.8827532e+000
1.4338937e+001
1.9684919e+001
2.5806271e+001
2.5806271e+001
2.5806271e+001
2.5806271e+001
2.5806271e+001
2.0315389e+001
1.5742743e+001
1.5996178e+001
2.0520228e+001
2.5806271e+001
2.5806271e+001
2.5806271e+001
2.5806271e+001
2.1313091e+001
1.7470280e+001
1.4588694e+001
1.4955672e+001
1.5334628e+001
1.3758372e+001
1.6083120e+001
1.8782110e+001
1.9133830e+001
8.4872360e+000
1.0426159e+001
1.2970291e+001
1.2848860e+001
1.5980230e+001
1.5742301e+001
1.5640472e+001
1.5480399e+001
1.5164614e+001
1.4842708e+001
1.4786724e+001
1.4943935e+001
1.9606113e+001
1.9523765e+001
1.9291694e+001
1.3988114e+001
9.7467486e+000
6.2269783e+000
3.3587593e+000
5.8374550e+000
9.2748264e+000
1.3637768e+001
1.3747068e+001
1.3694665e+001
9.6178165e+000
9.9038694e+000
1.4305425e+001
1.9583121e+001
2.5806271e+001
2.5806271e+001
2.5806271e+001
2.5806271e+001
2.5806271e+001
2.0153701e+001
1.5696819e+001
2.0272938e+001
2.5806271e+001
2.5806271e+001
2.5806271e+001
2.5806271e+001
2.5806271e+001
2.5806271e+001
2.1175894e+001
1.7437416e+001
1.4502291e+001
1.3226111e+001
1.5697757e+001
1.8568020e+001
2.1899121e+001
2.2194337e+001
1.0527623e+001
1.3095710e+001
1.6382878e+001
1.6300661e+001
2.0321876e+001
2.0206329e+001
1.9971003e+001
1.5067463e+001
1.1106804e+001
1.4733367e+001
1.9763321e+001
1.9950476e+001
2.5806271e+001
2.5806271e+001
2.5806271e+001
1.9317162e+001
1.4043527e+001
9.7123272e+000
6.1650196e+000
9.3534203e+000
1.3678207e+001
1.9122525e+001
1.9249791e+001
1.9137499e+001
1.3994648e+001
9.8159869e+000
1.0326782e+001
1.4624773e+001
1.9810445e+001
2.5806271e+001
2.5806271e+001
2.5806271e+001
2.0155758e+001
1.5441658e+001
1.5531550e+001
2.0231030e+001
2.5806271e+001
2.5806271e+001
2.5806271e+001
2.5806271e+001
2.5806271e+001
2.5806271e+001
2.1163931e+001
1.7266158e+001
1.4233541e+001
1.4956624e+001
1.8063009e+001
2.1651831e+001
2.5806271e+001
2.5806271e+001
1.3135443e+001
1.6452555e+001
2.0668517e+001
2.0672749e+001
2.5806271e+001
2.5806271e+001
2.5806271e+001
1.9689807e+001
1.4621200e+001
1.9551803e+001
2.5806271e+001
2.5806271e+001
2.5806271e+001
2.5806271e+001
2.5806271e+001
1.9450961e+001
1.4134642e+001
9.7692941e+000
9.4497878e+000
1.3725900e+001
1.9099113e+001
2.5806271e+001
2.5806271e+001
2.5806271e+001
1.9405780e+001
1.4173095e+001
1.0046565e+001
1.0687923e+001
1.4825407e+001
1.9801465e+001
2.0040753e+001
1.9950647e+001
1.5340131e+001
1.1508691e+001
1.5114744e+001
1.9949563e+001
2.5806271e+001
2.5806271e+001
2.5806271e+001
2.5806271e+001
2.5806271e+001
2.5806271e+001
2.0912409e+001
1.6933197e+001
1.4219085e+001
1.7450196e+001
2.1344652e+001
2.5806271e+001
2.5806271e+001
2.5806271e+001
1.6442852e+001
2.0606723e+001
2.5806271e+001
2.5806271e+001
2.5806271e+001
2.5806271e+001
2.5806271e+001
1.9733772e+001
1.4649822e+001
1.9745491e+001
2.5806271e+001
2.5806271e+001
2.5806271e+001
2.5806271e+001
2.5806271e+001
1.9494926e+001
1.4123944e+001
9.7448113e+000
9.6504898e+000
1.3996684e+001
1.9382637e+001
2.5806271e+001
2.5806271e+001
2.5806271e+001
1.9846243e+001
1.4726370e+001
1.0660145e+001
7.5996414e+000
1.0863648e+001
1.4869132e+001
1.5090236e+001
1.5047826e+001
1.1359142e+001
8.2937184e+000
1.1455225e+001
1.5386050e+001
2.0150197e+001
2.0359539e+001
2.5806271e+001
2.5806271e+001
2.5806271e+001
2.0704852e+001
1.6775742e+001
1.3618085e+001
1.6807439e+001
2.0887749e+001
2.5806271e+001
2.5806271e+001
2.5806271e+001
2.5806271e+001
1.6372265e+001
2.0650688e+001
2.5806271e+001
2.5806271e+001
2.5806271e+001
2.5806271e+001
2.5806271e+001
1.9687903e+001
1.4681048e+001
1.9729567e+001
2.5806271e+001
2.5806271e+001
2.5806271e+001
2.5806271e+001
2.5806271e+001
1.9329277e+001
1.3975500e+001
9.6101316e+000
9.8056757e+000
1.4135710e+001
1.9426601e+001
2.5806271e+001
2.5806271e+001
2.5806271e+001
2.5806271e+001
1.9665352e+001
1.4722402e+001
1.0737825e+001
7.9753458e+000
1.0972954e+001
1.1091169e+001
1.1086915e+001
8.1057518e+000
5.8519732e+000
8.4673952e+000
1.1624719e+001
1.5496849e+001
1.5813776e+001
2.0260725e+001
2.0320344e+001
2.0290128e+001
1.6298556e+001
1.3214887e+001
1.3155302e+001
1.6594258e+001
2.0785951e+001
2.5806271e+001
2.5806271e+001
2.5806271e+001
2.5806271e+001
1.5988033e+001
2.0370682e+001
2.5806271e+001
2.5806271e+001
2.5806271e+001
2.5806271e+001
1.9673168e+001
1.4662926e+001
1.4488462e+001
1.9539395e+001
2.5806271e+001
2.5806271e+001
2.5806271e+001
2.5806271e+001
1.9455590e+001
1.4142973e+001
9.8105324e+000
9.4212667e+000
9.7416657e+000
1.4113034e+001
1.9380732e+001
2.5806271e+001
2.5806271e+001
2.5806271e+001
2.5806271e+001
1.9776423e+001
1.4832494e+001
1.0877080e+001
1.1269641e+001
1.4979559e+001
1.4997038e+001
1.4900727e+001
1.1102186e+001
7.9918251e+000
6.0013466e+000
8.5530438e+000
1.1705573e+001
1.2048678e+001
1.5665856e+001
1.5743224e+001
1.5778670e+001
1.2674976e+001
1.0297604e+001
1.3050207e+001
1.6548637e+001
2.0777242e+001
2.5806271e+001
2.5806271e+001
2.5806271e+001
2.5806271e+001
1.5816965e+001
1.5800633e+001
2.0153337e+001
2.0067735e+001
1.9922243e+001
1.9656972e+001
1.4604997e+001
1.0511202e+001
1.0286029e+001
1.4334262e+001
1.9385194e+001
1.9572350e+001
1.9579837e+001
1.9377710e+001
1.4154928e+001
9.8353592e+000
1.3853650e+001
1.3759325e+001
9.5279851e+000
1.3896493e+001
1.9310339e+001
2.5806271e+001
2.5806271e+001
2.5806271e+001
2.5806271e+001
1.9737769e+001
1.4822807e+001
1.1445652e+001
1.5248672e+001
1.9886409e+001
1.9946028e+001
1.9825977e+001
1.5078140e+001
1.1153096e+001
8.0558629e+000
6.0390835e+000
8.5740087e+000
8.9081113e+000
1.1891417e+001
1.2012930e+001
1.2100906e+001
9.7075135e+000
8.0892381e+000
1.0540177e+001
1.3459418e+001
1.6926604e+001
2.1003859e+001
2.1269130e+001
2.5806271e+001
2.5806271e+001
2.0284093e+001
2.0078712e+001
1.5500707e+001
1.5316679e+001
1.4994904e+001
1.4577306e+001
1.0420179e+001
7.0595404e+000
6.7937996e+000
1.0069818e+001
1.4118051e+001
1.4335152e+001
1.4318683e+001
1.4104579e+001
1.4097675e+001
1.4159063e+001
1.9209999e+001
1.9157596e+001
1.3798423e+001
1.3679952e+001
1.9090223e+001
2.5806271e+001
2.5806271e+001
2.5806271e+001
1.9995792e+001
1.5112082e+001
1.1438675e+001
1.5404371e+001
2.0083623e+001
2.5806271e+001
2.5806271e+001
2.5806271e+001
1.9946675e+001
1.5070621e+001
1.1169506e+001
8.0483436e+000
6.0016194e+000
6.3285200e+000
8.7747829e+000
8.9615571e+000
9.1215008e+000
7.2963505e+000
6.3705765e+000
8.4757727e+000
1.0925403e+001
1.3768146e+001
1.7064847e+001
1.7652930e+001
2.1407374e+001
2.1582810e+001
2.5806271e+001
2.5806271e+001
1.9892772e+001
1.4986537e+001
1.0892805e+001
1.0413235e+001
6.9420421e+000
4.1679290e+000
3.8697342e+000
6.4680908e+000
9.6542745e+000
9.8953318e+000
1.3964396e+001
1.9299831e+001
1.9397152e+001
1.9464528e+001
2.5806271e+001
2.5806271e+001
1.9247669e+001
1.3918441e+001
1.3970455e+001
1.9378190e+001
2.5087596e+001
2.0014256e+001
1.5235152e+001
1.1364575e+001
1.5283037e+001
2.0106591e+001
2.5806271e+001
2.5806271e+001
2.5806271e+001
2.5806271e+001
2.5806271e+001
1.9810939e+001
1.4984457e+001
1.1093056e+001
7.9796642e+000
5.5485693e+000
6.2742277e+000
6.5132104e+000
6.7007839e+000
5.3002823e+000
5.0087134e+000
6.7825042e+000
8.8178780e+000
1.1180231e+001
1.3876445e+001
1.4740743e+001
1.7851063e+001
1.8166849e+001
2.5806271e+001
2.5806271e+001
2.5806271e+001
1.9680143e+001
1.4603804e+001
1.0397241e+001
6.9164431e+000
4.0162581e+000
3.0056646e+000
5.7602040e+000
9.2314505e+000
1.3636012e+001
1.9132355e+001
2.5806271e+001
2.5806271e+001
2.5806271e+001
2.5806271e+001
2.5806271e+001
1.9300311e+001
1.3953305e+001
1.2894727e+001
1.8042591e+001
2.4332987e+001
1.8828381e+001
1.4279204e+001
1.4963389e+001
1.9865477e+001
2.5806271e+001
2.5806271e+001
2.5806271e+001
2.5806271e+001
2.5806271e+001
2.5806271e+001
1.9953414e+001
1.5091189e+001
1.1141249e+001
7.9810254e+000
5.5424099e+000
4.2365904e+000
4.4873951e+000
4.7569621e+000
3.6961794e+000
3.9365054e+000
5.4513046e+000
7.1629389e+000
9.1206170e+000
1.1348419e+001
1.2373801e+001
1.4938876e+001
1.5426831e+001
2.5806271e+001
2.5806271e+001
2.5806271e+001
1.9672895e+001
1.4590757e+001
1.0379555e+001
6.8950461e+000
3.9918923e+000
2.9812988e+000
5.7388071e+000
9.2137647e+000
1.3622965e+001
1.9125107e+001
2.5806271e+001
2.5806271e+001
2.5806271e+001
2.5806271e+001
2.5806271e+001
1.9293062e+001
1.3940259e+001
1.2881680e+001
1.8035343e+001
2.4332987e+001
1.8821132e+001
1.4266157e+001
1.4950342e+001
1.9858229e+001
2.5806271e+001
2.5806271e+001
2.5806271e+001
2.5806271e+001
2.5806271e+001
2.5806271e+001
1.9946166e+001
1.5078143e+001
1.1123563e+001
7.9596284e+000
5.5180441e+000
3.7251059e+000
3.9759106e+000
4.2454776e+000
3.0718457e+000
3.8214261e+000
5.3165158e+000
7.0035132e+000
8.9303953e+000
1.1119702e+001
1.2280620e+001
1.4831461e+001
1.5319415e+001
2.5806271e+001
2.5806271e+001
1.9871028e+001
1.4947396e+001
1.0833055e+001
1.0136400e+001
6.6932737e+000
3.8531708e+000
3.2966602e+000
6.0266783e+000
9.3774389e+000
9.6184962e+000
1.3839187e+001
1.9170500e+001
1.9267821e+001
1.9335198e+001
2.5806271e+001
2.5806271e+001
1.9225925e+001
1.3879300e+001
1.3931314e+001
1.9356445e+001
2.5087596e+001
1.9992511e+001
1.5196012e+001
1.1296757e+001
1.5225446e+001
2.0061784e+001
2.5806271e+001
2.5806271e+001
2.5806271e+001
2.5806271e+001
2.5806271e+001
1.9789194e+001
1.4945316e+001
1.1039999e+001
7.9154735e+000
5.4754719e+000
5.6439324e+000
5.8829152e+000
6.0704886e+000
4.5289255e+000
4.8311307e+000
6.5877070e+000
8.6015625e+000
1.0937017e+001
1.3599609e+001
1.4618831e+001
1.7725854e+001
1.8041639e+001
2.0154763e+001
1.9949382e+001
1.5208213e+001
1.4997815e+001
1.4676040e+001
1.4258442e+001
1.0013604e+001
6.5321318e+000
6.1046381e+000
9.5452331e+000
1.3799187e+001
1.4016288e+001
1.3999820e+001
1.3809481e+001
1.3864880e+001
1.3926268e+001
1.9080669e+001
1.9028266e+001
1.3651696e+001
1.3447158e+001
1.8960892e+001
2.5806271e+001
2.5806271e+001
2.5806271e+001
1.9866461e+001
1.4879287e+001
1.1166204e+001
1.5216132e+001
1.9931231e+001
2.5806271e+001
2.5806271e+001
2.5806271e+001
1.9732821e+001
1.4815305e+001
1.0939932e+001
7.8154071e+000
5.3454607e+000
5.4839765e+000
8.0140950e+000
8.2008691e+000
8.3608128e+000
6.3593357e+000
5.8581863e+000
7.9969482e+000
1.0488536e+001
1.3383725e+001
1.6745984e+001
1.7420135e+001
2.1278043e+001
2.1453480e+001
1.5476584e+001
1.5306566e+001
1.9916421e+001
1.9830818e+001
1.9685327e+001
1.9420056e+001
1.4165592e+001
9.8764182e+000
9.5862399e+000
1.3840194e+001
1.9148278e+001
1.9335434e+001
1.9342921e+001
1.9140794e+001
1.3666175e+001
9.4122071e+000
1.3513270e+001
1.3418945e+001
9.0952313e+000
1.3470044e+001
1.9073423e+001
2.5806271e+001
2.5806271e+001
2.5806271e+001
2.5806271e+001
1.9500853e+001
1.4396358e+001
1.1058145e+001
1.4889842e+001
1.9649493e+001
1.9709111e+001
1.9589061e+001
1.4670141e+001
1.0705912e+001
7.6352876e+000
5.1952860e+000
7.5211274e+000
7.9140286e+000
1.1102220e+001
1.1223733e+001
1.1311709e+001
8.6979081e+000
7.2928208e+000
9.8408010e+000
1.2881342e+001
1.6500155e+001
2.0766943e+001
2.1032214e+001
2.5806271e+001
2.5806271e+001
1.5409443e+001
2.0049242e+001
2.5806271e+001
2.5806271e+001
2.5806271e+001
2.5806271e+001
1.9351728e+001
1.4072547e+001
1.3909872e+001
1.9217956e+001
2.5806271e+001
2.5806271e+001
2.5806271e+001
2.5806271e+001
1.9109627e+001
1.3520241e+001
8.9663842e+000
8.8029999e+000
8.8975175e+000
1.3490302e+001
1.9034769e+001
2.5806271e+001
2.5806271e+001
2.5806271e+001
2.5806271e+001
1.9430460e+001
1.4209761e+001
1.0032931e+001
1.0636614e+001
1.4444064e+001
1.4461543e+001
1.4365232e+001
1.0429825e+001
7.2881156e+000
4.9211793e+000
7.3911162e+000
1.0685617e+001
1.1032098e+001
1.4975505e+001
1.5052873e+001
1.5088319e+001
1.1709114e+001
9.1445789e+000
1.2206058e+001
1.5925905e+001
2.0431280e+001
2.5806271e+001
2.5806271e+001
2.5806271e+001
2.5806271e+001
1.5597391e+001
2.0220202e+001
2.5806271e+001
2.5806271e+001
2.5806271e+001
2.5806271e+001
2.5806271e+001
1.9257417e+001
1.3906173e+001
1.9299081e+001
2.5806271e+001
2.5806271e+001
2.5806271e+001
2.5806271e+001
2.5806271e+001
1.8898792e+001
1.3200626e+001
8.5597468e+000
8.7552909e+000
1.3360836e+001
1.8996116e+001
2.5806271e+001
2.5806271e+001
2.5806271e+001
2.5806271e+001
1.9234867e+001
1.3947528e+001
9.6874404e+000
7.0384388e+000
1.0114072e+001
1.0157729e+001
1.0110354e+001
6.9318127e+000
4.4780639e+000
7.1533260e+000
1.0520239e+001
1.4654357e+001
1.4971284e+001
1.9830240e+001
1.9889858e+001
1.9859642e+001
1.5523682e+001
1.1988694e+001
1.2104917e+001
1.5819384e+001
2.0355465e+001
2.5806271e+001
2.5806271e+001
2.5806271e+001
2.5806271e+001
1.5515837e+001
2.0091714e+001
2.5806271e+001
2.5806271e+001
2.5806271e+001
2.5806271e+001
2.5806271e+001
1.9218764e+001
1.3722807e+001
1.9230483e+001
2.5806271e+001
2.5806271e+001
2.5806271e+001
2.5806271e+001
2.5806271e+001
1.8979917e+001
1.3196928e+001
8.4881899e+000
8.3938685e+000
1.3069668e+001
1.8867628e+001
2.5806271e+001
2.5806271e+001
2.5806271e+001
1.9331234e+001
1.3799354e+001
9.5220627e+000
6.1436667e+000
9.5529316e+000
1.3874498e+001
1.4095602e+001
1.4053191e+001
9.9808069e+000
6.7306397e+000
1.0198603e+001
1.4459034e+001
1.9635188e+001
1.9844531e+001
2.5806271e+001
2.5806271e+001
2.5806271e+001
2.0274366e+001
1.5781108e+001
1.2260858e+001
1.5880423e+001
2.0372740e+001
2.5806271e+001
2.5806271e+001
2.5806271e+001
2.5806271e+001
1.1786536e+001
1.5391581e+001
1.9984462e+001
1.9988694e+001
2.5806271e+001
2.5806271e+001
2.5806271e+001
1.9090276e+001
1.3542043e+001
1.8952271e+001
2.5806271e+001
2.5806271e+001
2.5806271e+001
2.5806271e+001
2.5806271e+001
1.8851429e+001
1.3055484e+001
8.3064362e+000
7.9869299e+000
1.2646743e+001
1.8499581e+001
2.5806271e+001
2.5806271e+001
2.5806271e+001
1.8806248e+001
1.3093937e+001
8.5837075e+000
9.2193180e+000
1.3739065e+001
1.9201933e+001
1.9441221e+001
1.9351115e+001
1.4260973e+001
9.9782142e+000
1.4035586e+001
1.9350031e+001
2.5806271e+001
2.5806271e+001
2.5806271e+001
2.5806271e+001
2.5806271e+001
2.5806271e+001
2.0312877e+001
1.5854040e+001
1.2756227e+001
1.6371039e+001
2.0745120e+001
2.5806271e+001
2.5806271e+001
2.5806271e+001
8.7644422e+000
1.1562876e+001
1.5151579e+001
1.5069362e+001
1.9637821e+001
1.9522274e+001
1.9286948e+001
1.3836164e+001
9.3599889e+000
1.3434449e+001
1.8994743e+001
1.9181898e+001
2.5806271e+001
2.5806271e+001
2.5806271e+001
1.8633107e+001
1.2812228e+001
8.0432327e+000
4.1456890e+000
7.8060392e+000
1.2495797e+001
1.8438470e+001
1.8565736e+001
1.8453444e+001
1.2830967e+001
8.2686058e+000
8.6576879e+000
1.3393474e+001
1.9126390e+001
2.5806271e+001
2.5806271e+001
2.5806271e+001
1.9556226e+001
1.4277977e+001
1.4300250e+001
1.9546975e+001
2.5806271e+001
2.5806271e+001
2.5806271e+001
2.5806271e+001
2.5806271e+001
2.5806271e+001
2.0479876e+001
1.6034858e+001
1.2564447e+001
1.3287530e+001
1.6831710e+001
2.0967776e+001
2.5806271e+001
2.5806271e+001
6.3081133e+000
8.4313131e+000
1.1216673e+001
1.1095243e+001
1.4664408e+001
1.4426478e+001
1.4189413e+001
1.4029340e+001
1.3713554e+001
1.3391649e+001
1.3403283e+001
1.3560494e+001
1.8837534e+001
1.8755187e+001
1.8523116e+001
1.2672292e+001
7.9931310e+000
4.0955873e+000
9.2514958e-001
3.8309719e+000
7.5603202e+000
1.2321945e+001
1.2431245e+001
1.2378843e+001
7.9182937e+000
8.0285384e+000
1.2921984e+001
1.8814543e+001
2.5806271e+001
2.5806271e+001
2.5806271e+001
2.5806271e+001
2.5806271e+001
1.9385123e+001
1.4313378e+001
1.9504360e+001
2.5806271e+001
2.5806271e+001
2.5806271e+001
2.5806271e+001
2.5806271e+001
2.5806271e+001
2.0407316e+001
1.6053975e+001
1.2626960e+001
1.0957268e+001
1.3822426e+001
1.7184579e+001
2.1130543e+001
2.1425759e+001
4.3004354e+000
5.9133931e+000
8.0560789e+000
7.8733323e+000
1.0643062e+001
1.4434481e+001
1.9445238e+001
1.9389581e+001
1.9214144e+001
1.8952128e+001
1.3356521e+001
8.9608665e+000
1.3130096e+001
1.2921981e+001
1.2564142e+001
7.8011356e+000
4.0353490e+000
8.3496650e-001
-1.7238415e+000
5.1846881e-001
3.4794896e+000
7.2962767e+000
7.3912034e+000
7.3867134e+000
3.8257608e+000
7.8011857e+000
1.2803354e+001
1.8831818e+001
2.5806271e+001
2.5806271e+001
2.5806271e+001
2.5806271e+001
2.5806271e+001
1.9462287e+001
1.4207160e+001
1.4460595e+001
1.9667126e+001
2.5806271e+001
2.5806271e+001
2.5806271e+001
2.5806271e+001
2.0375467e+001
1.5892559e+001
1.2495488e+001
1.2698297e+001
1.3077252e+001
1.1273411e+001
1.4055647e+001
1.7314146e+001
1.7665866e+001
3.3444073e+000
5.1663467e+000
7.5507737e+000
1.0638310e+001
1.4567303e+001
1.9548115e+001
2.5806271e+001
2.5806271e+001
2.5806271e+001
2.5806271e+001
1.8946945e+001
1.3257357e+001
8.5335047e+000
8.0930222e+000
7.6944587e+000
3.8316509e+000
7.6661894e-001
-1.8460897e+000
-3.9455389e+000
-2.2040933e+000
1.1232066e-001
3.1732372e+000
3.2866103e+000
3.2605604e+000
3.2337622e+000
7.3438570e+000
1.2397255e+001
1.8489755e+001
2.5806271e+001
2.5806271e+001
2.5806271e+001
2.5806271e+001
2.5806271e+001
1.9180114e+001
1.3848972e+001
1.0146579e+001
1.4477599e+001
1.9568312e+001
1.9837544e+001
1.9957053e+001
2.0046616e+001
1.5731646e+001
1.2204938e+001
1.5848763e+001
1.6200483e+001
1.6492313e+001
1.3685954e+001
1.1512621e+001
1.4155269e+001
1.4582137e+001
3.2588364e+000
5.0752207e+000
7.4901347e+000
1.0615780e+001
1.4592408e+001
1.9595334e+001
2.5806271e+001
2.5806271e+001
2.5806271e+001
2.5806271e+001
2.5806271e+001
1.8732148e+001
1.2810833e+001
7.9015995e+000
3.8918652e+000
6.3167497e-001
-1.9209247e+000
-4.0335495e+000
-5.7954563e+000
-4.4247577e+000
-2.6240293e+000
-1.9775391e-001
-6.9623776e-002
-1.1292159e-001
-7.1027893e-002
3.2661379e+000
7.3908055e+000
1.2384314e+001
1.8446869e+001
1.8656212e+001
1.8835609e+001
1.8955118e+001
1.8924902e+001
1.3563816e+001
9.3884658e+000
6.4861695e+000
1.0100438e+001
1.4352407e+001
1.4717246e+001
1.5022195e+001
1.5243298e+001
1.1880886e+001
1.5657402e+001
2.0265475e+001
2.0560691e+001
2.0706183e+001
1.7016369e+001
1.3891833e+001
1.1582298e+001
1.2009395e+001
3.0790329e+000
4.9411657e+000
7.3758345e+000
1.0526173e+001
1.4533668e+001
1.9612609e+001
2.5806271e+001
2.5806271e+001
2.5806271e+001
2.5806271e+001
2.5806271e+001
1.8689533e+001
1.2674237e+001
7.7497078e+000
3.6977921e+000
4.3380172e-001
-2.2297933e+000
-4.4130720e+000
-6.1821528e+000
-6.2439041e+000
-4.8557241e+000
-2.9072169e+000
-2.7972258e+000
-2.8243772e+000
-2.7021304e+000
3.0528292e-002
3.3995620e+000
7.4614690e+000
1.2426899e+001
1.2773770e+001
1.3036797e+001
1.3251911e+001
1.3227468e+001
8.9682725e+000
5.7175560e+000
3.5232561e+000
6.4962056e+000
1.0077178e+001
1.0518502e+001
1.0941859e+001
1.1479951e+001
1.5470562e+001
2.0197148e+001
2.5806271e+001
2.5806271e+001
2.5806271e+001
2.1087001e+001
1.7149191e+001
1.4024655e+001
1.1550739e+001
2.8161409e+000
4.6658193e+000
7.1223510e+000
1.0300018e+001
1.4379105e+001
1.9510105e+001
2.5806271e+001
2.5806271e+001
2.5806271e+001
2.5806271e+001
2.5806271e+001
1.8527139e+001
1.2441817e+001
7.4912125e+000
3.4783259e+000
2.1561390e-001
-2.4469584e+000
-4.5994741e+000
-6.3738893e+000
-7.7118913e+000
-6.6537499e+000
-5.1174020e+000
-4.9919775e+000
-5.0062117e+000
-4.7763731e+000
-2.5464376e+000
1.9419223e-001
3.5080253e+000
7.5383624e+000
7.9653127e+000
8.2952420e+000
8.5269523e+000
8.5370712e+000
5.2192784e+000
2.6783238e+000
1.1232424e+000
3.5868880e+000
6.5544908e+000
7.3525475e+000
1.0887933e+001
1.5082917e+001
2.0064970e+001
2.0513871e+001
2.5806271e+001
2.5806271e+001
2.5806271e+001
2.5806271e+001
2.0971826e+001
1.7070094e+001
1.3974420e+001
2.4703043e+000
4.2867920e+000
6.7392664e+000
9.9492931e+000
1.4068829e+001
1.9287821e+001
2.5806271e+001
2.5806271e+001
2.5806271e+001
2.5806271e+001
1.8630016e+001
1.2653686e+001
7.7303848e+000
3.6794516e+000
3.5635758e-001
-2.3245755e+000
-4.4917799e+000
-6.2779461e+000
-7.6920155e+000
-8.8362717e+000
-8.0748958e+000
-6.8682754e+000
-6.7604489e+000
-6.7643493e+000
-6.4331056e+000
-4.6015156e+000
-2.3588178e+000
3.3260026e-001
3.5849186e+000
4.0759319e+000
4.4294387e+000
4.6744255e+000
4.7121944e+000
2.1475235e+000
2.0432323e-001
8.9681403e-001
3.4319831e+000
6.4889902e+000
1.0123433e+001
1.4479670e+001
1.9663288e+001
2.5806271e+001
2.5806271e+001
2.5806271e+001
2.5806271e+001
2.5806271e+001
2.5806271e+001
2.1019046e+001
1.7005365e+001
1.3850077e+001
9.4455447e-001
2.2821977e+000
4.1286302e+000
6.5811046e+000
9.7611865e+000
1.3820833e+001
1.9073025e+001
1.9140401e+001
1.9058054e+001
1.8702948e+001
1.2814909e+001
7.9290405e+000
3.9080536e+000
6.0891661e-001
1.3015653e-001
-2.8320941e-002
-2.5653239e+000
-4.5632632e+000
-6.2312942e+000
-7.5961111e+000
-8.6328769e+000
-8.2516993e+000
-8.1579512e+000
-8.1835295e+000
-7.7651726e+000
-6.2881929e+000
-4.4138959e+000
-2.2204098e+000
4.0949361e-001
8.9186760e-001
1.2642364e+000
1.5198445e+000
1.6096781e+000
-3.8243998e-001
-1.5237887e+000
6.0888342e-001
3.1627693e+000
6.2431725e+000
9.9068603e+000
1.4337085e+001
1.9650618e+001
2.5806271e+001
2.5806271e+001
2.5806271e+001
2.5806271e+001
2.5806271e+001
2.5806271e+001
2.0766818e+001
1.6671133e+001
1.3510132e+001
-2.8871540e-001
6.3590737e-001
1.9975064e+000
3.8139941e+000
6.2425127e+000
9.3447382e+000
1.3524033e+001
1.3585422e+001
1.3437196e+001
1.2977675e+001
8.2220203e+000
4.2420597e+000
9.7574373e-001
3.4714072e+000
3.4125378e+000
3.2425134e+000
9.9332002e-002
-2.3700197e+000
-4.4269861e+000
-6.1049349e+000
-7.3728198e+000
-7.4926112e+000
-8.4988656e+000
-8.6045320e+000
-8.7208439e+000
-7.5963041e+000
-6.0706283e+000
-4.2754878e+000
-2.1435164e+000
-1.6979987e+000
-1.3105402e+000
-1.0164904e+000
-9.1494968e-001
-2.4190808e+000
-1.8006595e+000
3.5349442e-001
2.9342326e+000
6.0107701e+000
9.7070568e+000
1.4140599e+001
1.9458280e+001
2.5806271e+001
2.5806271e+001
2.5806271e+001
2.0652185e+001
2.0651914e+001
2.0681588e+001
1.6602806e+001
1.3381915e+001
1.0938717e+001
-1.3179461e+000
-7.2373967e-001
2.4999256e-001
1.5576910e+000
3.3550140e+000
5.6913026e+000
8.9823362e+000
8.9790440e+000
8.8679505e+000
8.3548420e+000
4.5110836e+000
1.2606404e+000
3.8663543e+000
7.4645734e+000
7.4564900e+000
7.3094628e+000
3.4085585e+000
3.4994118e-001
-2.1931945e+000
-4.2999891e+000
-5.8567728e+000
-5.9784397e+000
-7.2081853e+000
-7.3121960e+000
-7.5043754e+000
-8.4775387e+000
-7.3547837e+000
-5.9022755e+000
-4.1985945e+000
-3.7192020e+000
-3.3735553e+000
-3.0608813e+000
-2.8425589e+000
-4.0351347e+000
-3.1159388e+000
-1.3121981e+000
8.3052347e-001
3.3969712e+000
6.4556457e+000
1.0092173e+001
1.4413584e+001
1.9591101e+001
1.9916262e+001
2.0151588e+001
1.6173811e+001
1.6289141e+001
1.6402444e+001
1.3199036e+001
1.0707926e+001
8.8689147e+000
-2.1540007e+000
-1.8540721e+000
-1.1906333e+000
-2.8996640e-001
1.0024003e+000
2.7259394e+000
5.3063635e+000
5.2513271e+000
5.1699392e+000
4.6439054e+000
1.5296643e+000
4.1393774e+000
7.8711604e+000
1.2397007e+001
1.2452406e+001
1.2334125e+001
7.4860671e+000
3.6534368e+000
5.0258961e-001
-2.1028312e+000
-4.0207385e+000
-4.1447498e+000
-5.6538594e+000
-5.7932314e+000
-5.9679523e+000
-7.1937650e+000
-6.9824309e+000
-5.4584280e+000
-3.7076297e+000
-1.6187990e+000
-1.2986948e+000
-9.8237568e-001
-7.8399588e-001
-2.3866698e+000
-3.7243972e+000
-2.6794999e+000
-8.6276620e-001
1.2587657e+000
3.7987263e+000
6.7868610e+000
1.0335213e+001
1.4546406e+001
1.5011916e+001
1.5435503e+001
1.2458663e+001
1.2696419e+001
1.2876624e+001
1.0433406e+001
8.5560652e+000
7.2004029e+000
-2.8654592e+000
-2.7710081e+000
-2.3857489e+000
-1.8107071e+000
-9.2230555e-001
3.1103394e-001
2.3229706e+000
2.2564835e+000
2.1689153e+000
1.6624861e+000
4.4024124e+000
8.0504805e+000
1.2780713e+001
1.8466093e+001
1.8563414e+001
1.8481067e+001
1.2486497e+001
7.6863510e+000
3.7758643e+000
5.4716063e-001
-1.7847201e+000
-1.9116618e+000
-3.7699765e+000
-3.9161192e+000
-4.1064479e+000
-5.6480724e+000
-5.4622104e+000
-3.6653786e+000
-1.5514039e+000
9.8511119e-001
1.3107182e+000
1.5941629e+000
1.7301835e+000
-3.4768217e-001
-2.0943646e+000
-3.4045347e+000
-2.1833062e+000
-3.7607173e-001
1.7335861e+000
4.1838422e+000
7.0598461e+000
1.0468035e+001
1.1015879e+001
1.1560130e+001
9.3840395e+000
9.7496808e+000
1.0013353e+001
8.1483425e+000
6.7919615e+000
5.8529234e+000
-3.4472960e+000
-3.5172269e+000
-3.3545113e+000
-3.0399697e+000
-2.4747402e+000
-1.6635052e+000
-1.0635861e-001
-1.8200615e-001
1.7262380e+000
4.5594979e+000
8.2132470e+000
1.2880335e+001
1.8783766e+001
2.5806271e+001
2.5806271e+001
2.5806271e+001
1.8565718e+001
1.2631038e+001
7.7710022e+000
3.8006260e+000
9.1384749e-001
8.2067363e-001
-1.4741473e+000
-1.6287533e+000
-1.8385918e+000
-3.7749811e+000
-3.6171768e+000
-1.4456602e+000
1.1222849e+000
4.2184055e+000
4.5134601e+000
4.7558118e+000
4.8513142e+000
2.1794589e+000
-7.8417360e-002
-1.7906532e+000
-2.9092565e+000
-1.7251191e+000
2.5683375e-002
2.0648013e+000
4.4268825e+000
7.1926679e+000
7.8063800e+000
8.4172174e+000
6.8517814e+000
7.3197310e+000
7.6501771e+000
6.2776767e+000
5.3680084e+000
4.7622697e+000
-3.9254355e+000
-4.1268720e+000
-4.1721361e+000
-4.0360498e+000
-3.6231412e+000
-2.3419693e+000
-5.5863961e-001
1.7360259e+000
4.6324300e+000
8.2435767e+000
1.2864513e+001
1.8635392e+001
2.5806271e+001
2.5806271e+001
2.5806271e+001
2.5806271e+001
1.8762661e+001
1.2955592e+001
8.1377542e+000
4.2011367e+000
4.1906015e+000
4.1396375e+000
1.2991837e+000
1.1339986e+000
8.9977280e-001
-1.5300723e+000
-1.3699092e+000
1.2325323e+000
4.3679404e+000
8.1635680e+000
8.4204319e+000
8.6114173e+000
8.6562722e+000
5.2419298e+000
2.3824923e+000
2.0510522e-001
-1.3425341e+000
-2.5064140e+000
-1.3425287e+000
3.3294275e-001
2.2778969e+000
4.5597043e+000
5.1961658e+000
5.8602723e+000
4.7833601e+000
5.3331563e+000
5.7170214e+000
4.7684740e+000
4.1862312e+000
3.8471320e+000
-4.3206171e+000
-4.6272581e+000
-4.8089611e+000
-4.4719729e+000
-3.5690361e+000
-2.2585003e+000
-4.7589680e-001
1.8178609e+000
4.7131304e+000
8.3228586e+000
1.2979453e+001
1.8832336e+001
2.5806271e+001
2.5806271e+001
2.5806271e+001
2.5806271e+001
1.8929660e+001
1.3106466e+001
8.3056728e+000
8.1203155e+000
8.1900886e+000
8.1544560e+000
4.6319611e+000
4.4535521e+000
4.2262731e+000
1.1796081e+000
1.3052888e+000
4.4838174e+000
8.3285544e+000
1.2998566e+001
1.3207691e+001
1.3297038e+001
1.3278583e+001
9.0109940e+000
5.3996048e+000
2.6407788e+000
5.9427539e-001
-9.7252863e-001
-2.1172438e+000
-1.0220936e+000
5.9993893e-001
2.4406634e+000
3.0953244e+000
3.8020462e+000
3.1159530e+000
3.7312266e+000
4.1578268e+000
3.5184970e+000
3.2281394e+000
3.1023518e+000
-4.6194876e+000
-5.0040758e+000
-5.0228691e+000
-4.4611146e+000
-3.5770566e+000
-2.2526884e+000
-4.5279443e-001
1.8251454e+000
4.7006426e+000
8.3230864e+000
1.2920713e+001
1.8699887e+001
2.5806271e+001
2.5806271e+001
2.5806271e+001
2.5806271e+001
1.8797211e+001
1.2987836e+001
8.3286578e+000
1.2902841e+001
1.3018130e+001
1.3001662e+001
8.6640463e+000
8.4691074e+000
8.2130812e+000
4.4328222e+000
4.5153998e+000
8.4140374e+000
1.3108004e+001
1.8833564e+001
1.8983017e+001
1.8982746e+001
1.8922586e+001
1.3663300e+001
9.1494021e+000
5.6263463e+000
2.9936938e+000
9.2323459e-001
-6.1961360e-001
1.9238697e-001
6.0607785e-001
1.1333879e+000
1.4319261e+000
2.1427953e+000
1.7693573e+000
2.4370127e+000
2.8978011e+000
2.5357902e+000
2.4489959e+000
2.5238024e+000
-4.8413092e+000
-5.1642583e+000
-5.4549980e+000
-5.1810309e+000
-4.6192764e+000
-3.6652104e+000
-2.2400404e+000
-4.3050551e-001
1.8594855e+000
4.7126155e+000
8.3860309e+000
1.3009941e+001
1.8784538e+001
1.9061528e+001
1.9069015e+001
1.8806999e+001
1.3035399e+001
8.5618785e+000
1.3076172e+001
1.8747112e+001
1.8844433e+001
1.8851920e+001
1.3495404e+001
1.3317234e+001
1.3025274e+001
8.3654534e+000
8.4315832e+000
1.3155495e+001
1.8911000e+001
2.5806271e+001
2.5806271e+001
2.5806271e+001
2.5806271e+001
1.9307365e+001
1.3740193e+001
9.2992813e+000
5.8965114e+000
3.2339142e+000
1.1933997e+000
2.0964462e+000
2.4641746e+000
2.9414474e+000
1.8915167e+000
1.3028273e+000
1.0453166e+000
1.3889717e+000
1.9070553e+000
1.7369548e+000
1.8130111e+000
2.0482929e+000
-5.0217019e+000
-5.3212425e+000
-5.7063667e+000
-5.7396893e+000
-5.4058326e+000
-4.7828574e+000
-3.6586926e+000
-2.2254142e+000
-4.0574384e-001
1.8211028e+000
4.6785389e+000
8.3914134e+000
1.3064647e+001
1.3323671e+001
1.3337147e+001
1.3105077e+001
8.5716664e+000
1.3205739e+001
1.8876679e+001
2.5806271e+001
2.5806271e+001
2.5806271e+001
1.9176130e+001
1.9093782e+001
1.8831766e+001
1.3109925e+001
8.8809828e+000
1.3545927e+001
1.9227722e+001
2.5806271e+001
2.5806271e+001
2.5806271e+001
2.5806271e+001
2.5806271e+001
1.9166207e+001
1.3793994e+001
9.4660090e+000
6.0632392e+000
3.4006419e+000
4.4549268e+000
4.7652021e+000
5.1799283e+000
3.6856503e+000
2.7304928e+000
2.1893087e+000
1.8788652e+000
1.6704169e+000
1.5002903e+000
1.6133839e+000
1.9331788e+000
-4.8291409e+000
-5.1499189e+000
-5.4471894e+000
-5.5098917e+000
-5.4217366e+000
-5.0652368e+000
-4.1812146e+000
-3.0088269e+000
-1.5452147e+000
-1.7823972e-002
2.0444308e+000
4.8022091e+000
8.4700713e+000
8.6907706e+000
8.6790938e+000
8.5308688e+000
9.0402307e+000
1.3620127e+001
1.9223347e+001
2.5806271e+001
2.5806271e+001
2.5806271e+001
2.5806271e+001
2.5806271e+001
2.5806271e+001
1.8826583e+001
1.3272506e+001
1.3678834e+001
1.9185107e+001
2.5806271e+001
2.5806271e+001
2.5806271e+001
2.5806271e+001
2.5806271e+001
1.9452985e+001
1.4160471e+001
9.8962439e+000
6.4845915e+000
4.5521901e+000
7.2691411e+000
7.5450309e+000
7.8815741e+000
5.8692927e+000
4.4934811e+000
3.5977053e+000
2.9903553e+000
2.5804097e+000
2.2183661e+000
2.1778685e+000
2.3583163e+000
-4.6100331e+000
-4.9861067e+000
-5.0188643e+000
-4.9153774e+000
-4.6233188e+000
-4.0332603e+000
-2.9001601e+000
-1.4066032e+000
4.1355344e-001
2.3923636e+000
5.0771847e+000
8.5939794e+000
1.3094587e+001
1.3263776e+001
1.3307197e+001
9.0892630e+000
9.2680388e+000
1.3771001e+001
1.9240621e+001
2.5806271e+001
2.5806271e+001
2.5806271e+001
2.5806271e+001
2.5806271e+001
2.5806271e+001
1.9143306e+001
1.3632994e+001
9.6975314e+000
1.4149455e+001
1.9527543e+001
2.5806271e+001
2.5806271e+001
2.5806271e+001
2.5806271e+001
1.9590038e+001
1.4407168e+001
1.0170766e+001
6.8113183e+000
7.4062190e+000
1.0690453e+001
1.0923362e+001
1.1162176e+001
8.5398214e+000
6.6381921e+000
5.2991767e+000
4.3581244e+000
3.6588762e+000
3.0943675e+000
2.8618807e+000
2.8681448e+000
-4.3577418e+000
-4.6085381e+000
-4.5050513e+000
-4.1938280e+000
-3.6468900e+000
-2.7648831e+000
-1.3204356e+000
4.9972101e-001
2.7655581e+000
5.3835046e+000
8.8091028e+000
1.3274668e+001
1.8853637e+001
1.8980903e+001
1.8988390e+001
1.3669183e+001
9.4572378e+000
9.7575420e+000
1.4164773e+001
1.9514729e+001
2.5806271e+001
2.5806271e+001
2.5806271e+001
2.5806271e+001
2.5806271e+001
1.9130636e+001
1.3700022e+001
9.3852047e+000
1.0173046e+001
1.4535438e+001
1.9694270e+001
2.5806271e+001
2.5806271e+001
2.5806271e+001
1.9547424e+001
1.4420296e+001
1.0258433e+001
7.4681953e+000
1.0839869e+001
1.4833208e+001
1.5012389e+001
1.5166472e+001
1.1781527e+001
9.2226254e+000
7.3669914e+000
6.0088112e+000
4.9479348e+000
4.1303448e+000
3.6578715e+000
3.4838369e+000
-4.0639711e+000
-4.1581708e+000
-3.8469476e+000
-3.2760537e+000
-2.4479475e+000
-1.2010051e+000
5.9519565e-001
2.8610328e+000
5.6465396e+000
9.0259754e+000
1.3377545e+001
1.8991642e+001
2.5806271e+001
2.5806271e+001
2.5806271e+001
1.9222765e+001
1.3873613e+001
9.6317234e+000
9.9937597e+000
1.4279369e+001
1.9379979e+001
1.9417411e+001
1.9454842e+001
1.9462329e+001
1.9320092e+001
1.3929023e+001
9.6458406e+000
6.2190240e+000
6.9346452e+000
1.0428413e+001
1.4646237e+001
1.9685291e+001
1.9864688e+001
1.9654804e+001
1.4553690e+001
1.0442584e+001
7.6162929e+000
1.0895407e+001
1.4960613e+001
1.9802902e+001
1.9952355e+001
2.0037957e+001
1.5699772e+001
1.2356712e+001
9.8553043e+000
7.9757144e+000
6.5002336e+000
5.3662919e+000
4.6312666e+000
4.2318586e+000
-3.7183513e+000
-3.6542362e+000
-3.0833424e+000
-2.2252913e+000
-1.0082938e+000
6.9481790e-001
2.9307102e+000
5.7162170e+000
9.1887419e+000
1.3520039e+001
1.8966302e+001
2.5806271e+001
2.5806271e+001
2.5806271e+001
2.5806271e+001
1.9569433e+001
1.4347891e+001
1.0148199e+001
6.7959331e+000
1.0138301e+001
1.4256220e+001
1.4233763e+001
1.4271195e+001
1.4254727e+001
1.4058590e+001
9.7969848e+000
6.3874299e+000
6.7020011e+000
6.9124915e+000
7.2063039e+000
1.0597008e+001
1.4686002e+001
1.4799304e+001
1.4601181e+001
1.0558011e+001
7.7616655e+000
1.0983735e+001
1.5008104e+001
1.9940227e+001
2.5806271e+001
2.5806271e+001
2.5806271e+001
2.0388830e+001
1.6103002e+001
1.2831809e+001
1.0300457e+001
8.3441518e+000
6.8147704e+000
5.7515550e+000
5.0704303e+000
-3.3453509e+000
-3.3114385e+000
-2.7513006e+000
-1.9066946e+000
-6.6907227e-001
1.0223893e+000
3.2437191e+000
6.0484537e+000
9.5075822e+000
1.3784703e+001
1.9163246e+001
2.5806271e+001
2.5806271e+001
2.5806271e+001
2.5806271e+001
1.9616652e+001
1.4522720e+001
1.0365227e+001
7.2925882e+000
1.0449086e+001
1.4392811e+001
1.4496122e+001
1.4353885e+001
1.0175111e+001
9.8666622e+000
6.4906625e+000
6.9073531e+000
1.0153106e+001
1.0341696e+001
1.0448836e+001
7.5986408e+000
1.0673901e+001
1.0764272e+001
1.0575557e+001
7.7492665e+000
1.1031225e+001
1.5021719e+001
1.9897883e+001
2.5806271e+001
2.5806271e+001
2.5806271e+001
2.5806271e+001
2.5806271e+001
2.0491707e+001
1.6295713e+001
1.3024520e+001
1.0467185e+001
8.4809347e+000
7.0074817e+000
5.9742111e+000
-2.9755559e+000
-2.9970481e+000
-2.4547681e+000
-1.5950534e+000
-3.7597628e-001
1.2923039e+000
3.5220878e+000
6.2999591e+000
9.7629396e+000
1.4007445e+001
1.9270355e+001
2.5806271e+001
2.5806271e+001
2.5806271e+001
2.5806271e+001
1.9633927e+001
1.4613705e+001
1.0515179e+001
1.0672563e+001
1.4608826e+001
1.9491693e+001
1.9648904e+001
1.9536612e+001
1.4378647e+001
1.0199872e+001
7.0423947e+000
1.0350433e+001
1.4370533e+001
1.4531747e+001
1.4591149e+001
1.0879019e+001
1.0904709e+001
7.9504966e+000
7.4322227e+000
8.1035425e+000
1.1377615e+001
1.5358251e+001
2.0184661e+001
2.5806271e+001
2.5806271e+001
2.5806271e+001
2.5806271e+001
2.5806271e+001
2.0778485e+001
1.6662189e+001
1.3394866e+001
1.0840625e+001
8.8568516e+000
7.3853796e+000
6.3536938e+000
-2.6097677e+000
-2.6730004e+000
-2.1461640e+000
-1.3057537e+000
-1.1080704e-001
1.5273100e+000
3.7193900e+000
6.4501314e+000
9.8541995e+000
1.4062495e+001
1.9317574e+001
2.5806271e+001
2.5806271e+001
2.5806271e+001
1.9976362e+001
1.4957330e+001
1.0859757e+001
1.0772185e+001
1.4838507e+001
1.9749477e+001
2.5806271e+001
2.5806271e+001
2.5806271e+001
1.9501484e+001
1.4375306e+001
1.0459872e+001
1.4557828e+001
1.9545860e+001
1.9635424e+001
1.9635153e+001
1.4957898e+001
1.4915488e+001
1.1223061e+001
8.3688259e+000
8.3160000e+000
1.1546731e+001
1.5473191e+001
2.0231880e+001
2.5806271e+001
2.5806271e+001
2.5806271e+001
2.5806271e+001
2.5806271e+001
2.0915539e+001
1.6878942e+001
1.3645432e+001
1.1118243e+001
9.1561098e+000
7.7019505e+000
6.6541701e+000
-2.2115567e+000
-2.4322336e+000
-1.9042299e+000
-1.0997915e+000
8.7621239e-002
1.7163209e+000
3.8591982e+000
6.5284362e+000
9.8556250e+000
1.3967822e+001
1.9215070e+001
2.5806271e+001
2.5806271e+001
2.5806271e+001
1.9724134e+001
1.4653043e+001
1.0735141e+001
1.4779967e+001
1.9789210e+001
2.5806271e+001
2.5806271e+001
2.5806271e+001
2.5806271e+001
1.9758317e+001
1.4747771e+001
1.4635263e+001
1.9683185e+001
2.5806271e+001
2.5806271e+001
2.5806271e+001
1.9960042e+001
1.9869937e+001
1.5254742e+001
1.1649856e+001
8.7409027e+000
9.1321854e+000
1.2310575e+001
1.6096746e+001
2.0642643e+001
2.5806271e+001
2.5806271e+001
2.5806271e+001
2.5806271e+001
2.0872924e+001
1.6892069e+001
1.3733098e+001
1.1235595e+001
9.3271564e+000
7.9159521e+000
6.9025357e+000
-1.8102485e+000
-2.2798842e+000
-2.4475685e+000
-1.8754202e+000
-9.7837009e-001
2.8737627e-001
1.9765620e+000
4.0786855e+000
6.6969812e+000
9.9604923e+000
1.4146884e+001
1.9449445e+001
1.9666546e+001
1.9554253e+001
1.4666086e+001
1.0563990e+001
1.4611166e+001
1.9640836e+001
2.5806271e+001
2.5806271e+001
2.5806271e+001
2.5806271e+001
2.5806271e+001
1.9835481e+001
1.5006446e+001
1.5043662e+001
1.9910073e+001
2.5806271e+001
2.5806271e+001
2.5806271e+001
2.5806271e+001
2.5806271e+001
2.0075047e+001
1.5569278e+001
1.1895995e+001
9.1776631e+000
9.6998149e+000
1.2736840e+001
1.6383737e+001
2.0685630e+001
2.0950901e+001
2.1070410e+001
2.0980304e+001
1.6999481e+001
1.3840534e+001
1.1369035e+001
9.4514535e+000
7.9770072e+000
6.8830524e+000
6.1689669e+000
-1.4050687e+000
-1.8452763e+000
-2.1849144e+000
-2.4060075e+000
-1.8314822e+000
-8.7546931e-001
4.6398053e-001
2.1289342e+000
4.1633367e+000
6.6629046e+000
9.9658748e+000
1.4201590e+001
1.4472592e+001
1.4450135e+001
1.0577032e+001
1.0570589e+001
1.4690172e+001
1.9718000e+001
2.5806271e+001
2.5806271e+001
2.5806271e+001
2.5806271e+001
2.5806271e+001
1.9912645e+001
1.5175287e+001
1.5188547e+001
1.9957293e+001
2.5806271e+001
2.5806271e+001
2.5806271e+001
2.5806271e+001
2.5806271e+001
2.5806271e+001
2.0211830e+001
1.5668542e+001
1.2196105e+001
9.4777730e+000
1.0197948e+001
1.3113665e+001
1.6576448e+001
1.6904212e+001
1.7059437e+001
1.6987082e+001
1.3802152e+001
1.1360597e+001
9.4689993e+000
8.0085896e+000
7.1178186e+000
6.7478230e+000
6.6643947e+000
-9.9504944e-001
-1.3634441e+000
-1.6435580e+000
-1.7380597e+000
-1.6654438e+000
-1.3628644e+000
-6.5194789e-001
5.9239696e-001
2.1836407e+000
4.0677480e+000
6.6143865e+000
9.9906365e+000
1.0244869e+001
1.0294280e+001
1.0265830e+001
1.0563630e+001
1.4697311e+001
1.9705330e+001
2.5806271e+001
2.5806271e+001
2.5806271e+001
2.5806271e+001
2.0165246e+001
1.5417100e+001
1.1626071e+001
1.1794871e+001
1.5581312e+001
2.0239839e+001
2.5806271e+001
2.5806271e+001
2.5806271e+001
2.5806271e+001
2.5806271e+001
2.5806271e+001
2.0250341e+001
1.5835270e+001
1.2362832e+001
1.2882817e+001
1.6373297e+001
1.6635182e+001
1.6813222e+001
1.6866635e+001
1.6896092e+001
1.4021731e+001
1.1955915e+001
1.0412820e+001
9.1872426e+000
8.2810124e+000
7.7115151e+000
7.4253649e+000
-5.7898076e-001
-8.5760940e-001
-1.0633180e+000
-1.0370114e+000
-7.6437679e-001
-2.7914980e-001
6.3756824e-001
1.8654388e+000
3.3370177e+000
4.9726352e+000
7.1424262e+000
1.0245401e+001
1.4233028e+001
1.4300405e+001
1.4367782e+001
1.4405345e+001
1.0940541e+001
1.5025205e+001
2.0009383e+001
2.5806271e+001
2.5806271e+001
2.5806271e+001
2.0062742e+001
1.5352372e+001
1.1591562e+001
9.0598042e+000
1.2140884e+001
1.5880280e+001
2.0372660e+001
2.0578042e+001
2.5806271e+001
2.5806271e+001
2.5806271e+001
2.5806271e+001
2.0507174e+001
1.6147846e+001
1.2910634e+001
1.6346131e+001
2.0591963e+001
2.0737455e+001
2.0853002e+001
2.0882676e+001
2.0882405e+001
1.7214930e+001
1.4525657e+001
1.2489786e+001
1.0883291e+001
9.6385491e+000
8.8196748e+000
8.2801223e+000
-1.5535035e-001
-3.2177142e-001
-4.3447347e-001
-2.1972544e-001
2.6550155e-001
9.7903804e-001
2.1530080e+000
3.6784875e+000
5.5460336e+000
7.7349892e+000
1.0591662e+001
1.4461021e+001
1.9436197e+001
1.9473628e+001
1.9511060e+001
1.9515292e+001
1.4809253e+001
1.1194725e+001
1.5199690e+001
1.9934522e+001
2.0031843e+001
1.9919551e+001
1.5302270e+001
1.1541461e+001
8.5702449e+000
6.8597210e+000
9.4066178e+000
1.2478285e+001
1.6098573e+001
2.0479499e+001
2.5806271e+001
2.5806271e+001
2.5806271e+001
2.5806271e+001
2.0614283e+001
1.6370587e+001
1.6423566e+001
2.0643415e+001
2.5806271e+001
2.5806271e+001
2.5806271e+001
2.5806271e+001
2.5806271e+001
2.1147405e+001
1.7678811e+001
1.4989538e+001
1.2906896e+001
1.1276446e+001
1.0108419e+001
9.2895446e+000
3.1516320e-001
2.5157061e-001
2.9255778e-001
7.0542656e-001
1.4189630e+000
2.4553174e+000
3.9508522e+000
5.8483430e+000
8.2108479e+000
1.1091476e+001
1.4769319e+001
1.9634091e+001
2.5806271e+001
2.5806271e+001
2.5806271e+001
2.5806271e+001
1.9839502e+001
1.5160023e+001
1.1507771e+001
1.5224453e+001
1.5279852e+001
1.5137616e+001
1.1451278e+001
8.4800618e+000
6.1405209e+000
5.0868588e+000
7.1689467e+000
9.6596023e+000
1.2628488e+001
1.6190210e+001
2.0530408e+001
2.5806271e+001
2.5806271e+001
2.5806271e+001
2.0721392e+001
1.6623273e+001
1.6748120e+001
2.0840358e+001
2.5806271e+001
2.5806271e+001
2.5806271e+001
2.5806271e+001
2.5806271e+001
2.5806271e+001
2.1438388e+001
1.7969794e+001
1.5254538e+001
1.3141951e+001
1.1537484e+001
1.0369458e+001
7.2144042e-001
7.8638342e-001
9.8205112e-001
1.6800018e+000
2.7163562e+000
4.1188019e+000
6.0162927e+000
8.3787976e+000
1.1322570e+001
1.5030358e+001
1.9772096e+001
2.5806271e+001
2.5806271e+001
2.5806271e+001
2.5806271e+001
2.5806271e+001
2.5806271e+001
2.0022425e+001
1.5372891e+001
1.1660750e+001
1.1533917e+001
1.1397669e+001
8.4560859e+000
6.1165450e+000
4.3122887e+000
3.9545788e+000
5.6465939e+000
7.6496586e+000
1.0041535e+001
1.2919427e+001
1.6404837e+001
2.0649646e+001
2.0769154e+001
2.0738938e+001
1.6624911e+001
1.3607783e+001
1.6893005e+001
2.0887578e+001
2.5806271e+001
2.5806271e+001
2.5806271e+001
2.5806271e+001
2.5806271e+001
2.5806271e+001
2.1673714e+001
1.8363437e+001
1.5744888e+001
1.3679723e+001
1.2143139e+001
1.0999473e+001
1.0474222e+000
1.2730347e+000
1.6994841e+000
2.3769795e+000
3.3682825e+000
4.7518451e+000
6.6257320e+000
8.9587320e+000
1.1865623e+001
1.5489879e+001
2.0127201e+001
2.5806271e+001
2.5806271e+001
2.5806271e+001
2.5806271e+001
2.5806271e+001
2.5806271e+001
2.0227807e+001
1.5682688e+001
1.1994190e+001
9.0209337e+000
8.5512042e+000
6.2515742e+000
4.4493018e+000
3.0449156e+000
3.1249184e+000
4.5399467e+000
6.1593468e+000
8.0716427e+000
1.0387489e+001
1.3132912e+001
1.6490168e+001
1.6645393e+001
1.6650894e+001
1.3440078e+001
1.3889717e+001
1.7100989e+001
2.1003125e+001
2.5806271e+001
2.5806271e+001
2.5806271e+001
2.5806271e+001
2.5806271e+001
2.5806271e+001
2.1789261e+001
1.8631311e+001
1.6104679e+001
1.4142993e+001
1.2659246e+001
1.1557851e+001
